time_passed,earth_x,earth_y,earth_z,force_factor,
0.01,0.998955,1.000955,0,0.45,
0.02,0.997865,1.001865,0,0.45004,
0.03,0.99673,1.00273,0,0.45012,
0.04,0.99555,1.003549,0,0.450239,
0.05,0.994326,1.004324,0,0.450398,
0.06,0.993056,1.005053,0,0.450597,
0.07,0.991742,1.005737,0,0.450836,
0.08,0.990383,1.006376,0,0.451114,
0.09,0.98898,1.006969,0,0.451433,
0.1,0.987531,1.007517,0,0.451792,
0.11,0.986039,1.008019,0,0.452191,
0.12,0.984501,1.008475,0,0.452631,
0.13,0.982919,1.008886,0,0.453112,
0.14,0.981292,1.009251,0,0.453634,
0.15,0.979621,1.00957,0,0.454196,
0.16,0.977905,1.009843,0,0.454801,
0.17,0.976144,1.01007,0,0.455447,
0.18,0.974339,1.010252,0,0.456135,
0.19,0.97249,1.010387,0,0.456865,
0.2,0.970596,1.010476,0,0.457638,
0.21,0.968657,1.010518,0,0.458455,
0.22,0.966674,1.010514,0,0.459314,
0.23,0.964647,1.010464,0,0.460217,
0.24,0.962575,1.010367,0,0.461165,
0.25,0.960459,1.010223,0,0.462157,
0.26,0.958298,1.010032,0,0.463194,
0.27,0.956092,1.009795,0,0.464277,
0.28,0.953842,1.00951,0,0.465405,
0.29,0.951548,1.009179,0,0.466581,
0.3,0.949209,1.0088,0,0.467803,
0.31,0.946826,1.008374,0,0.469074,
0.32,0.944398,1.007901,0,0.470392,
0.33,0.941925,1.00738,0,0.47176,
0.34,0.939408,1.006811,0,0.473177,
0.35,0.936846,1.006194,0,0.474645,
0.36,0.93424,1.00553,0,0.476163,
0.37,0.931589,1.004817,0,0.477734,
0.38,0.928893,1.004057,0,0.479357,
0.39,0.926153,1.003248,0,0.481033,
0.4,0.923368,1.00239,0,0.482764,
0.41,0.920538,1.001485,0,0.48455,
0.42,0.917664,1.00053,0,0.486391,
0.43,0.914745,0.999526,0,0.48829,
0.44,0.91178,0.998474,0,0.490247,
0.45,0.908771,0.997372,0,0.492262,
0.46,0.905717,0.996221,0,0.494338,
0.47,0.902618,0.995021,0,0.496475,
0.48,0.899475,0.993771,0,0.498674,
0.49,0.896285,0.992471,0,0.500937,
0.5,0.893051,0.991121,0,0.503264,
0.51,0.889772,0.989721,0,0.505657,
0.52,0.886448,0.988271,0,0.508118,
0.53,0.883078,0.986771,0,0.510647,
0.54,0.879663,0.985219,0,0.513247,
0.55,0.876202,0.983617,0,0.515918,
0.56,0.872696,0.981964,0,0.518662,
0.57,0.869145,0.98026,0,0.521481,
0.58,0.865548,0.978504,0,0.524377,
0.59,0.861905,0.976697,0,0.527351,
0.6,0.858217,0.974838,0,0.530405,
0.61,0.854483,0.972926,0,0.53354,
0.62,0.850703,0.970963,0,0.53676,
0.63,0.846877,0.968947,0,0.540065,
0.64,0.843005,0.966879,0,0.543459,
0.65,0.839087,0.964758,0,0.546942,
0.66,0.835123,0.962583,0,0.550518,
0.67,0.831112,0.960355,0,0.554188,
0.68,0.827055,0.958074,0,0.557956,
0.69,0.822952,0.955739,0,0.561824,
0.7,0.818802,0.953349,0,0.565794,
0.71,0.814605,0.950906,0,0.569869,
0.72,0.810362,0.948408,0,0.574051,
0.73,0.806072,0.945855,0,0.578345,
0.74,0.801735,0.943246,0,0.582753,
0.75,0.79735,0.940583,0,0.587279,
0.76,0.792919,0.937864,0,0.591925,
0.77,0.78844,0.935088,0,0.596695,
0.78,0.783914,0.932257,0,0.601593,
0.79,0.77934,0.929369,0,0.606623,
0.8,0.774718,0.926424,0,0.611788,
0.81,0.770049,0.923422,0,0.617093,
0.82,0.765332,0.920362,0,0.622543,
0.83,0.760567,0.917245,0,0.628141,
0.839999,0.755753,0.91407,0,0.633892,
0.849999,0.750891,0.910836,0,0.639802,
0.859999,0.745981,0.907543,0,0.645875,
0.869999,0.741022,0.904191,0,0.652116,
0.879999,0.736014,0.900779,0,0.658533,
0.889999,0.730957,0.897308,0,0.665129,
0.899999,0.725852,0.893776,0,0.671912,
0.909999,0.720696,0.890184,0,0.678888,
0.919999,0.715492,0.88653,0,0.686064,
0.929999,0.710238,0.882815,0,0.693447,
0.939999,0.704934,0.879039,0,0.701043,
0.949999,0.69958,0.875199,0,0.708862,
0.959999,0.694176,0.871298,0,0.716911,
0.969999,0.688721,0.867332,0,0.725199,
0.979999,0.683216,0.863304,0,0.733734,
0.989999,0.67766,0.859211,0,0.742527,
0.999999,0.672054,0.855053,0,0.751587,
1.009999,0.666396,0.850831,0,0.760924,
1.019999,0.660687,0.846543,0,0.77055,
1.029999,0.654926,0.842189,0,0.780476,
1.039999,0.649113,0.837768,0,0.790715,
1.049999,0.643249,0.83328,0,0.801279,
1.059999,0.637332,0.828725,0,0.812182,
1.069999,0.631363,0.824101,0,0.823439,
1.079999,0.625341,0.819409,0,0.835064,
1.089999,0.619266,0.814647,0,0.847073,
1.099999,0.613138,0.809815,0,0.859484,
1.109999,0.606956,0.804912,0,0.872314,
1.119999,0.600721,0.799938,0,0.885583,
1.129999,0.594431,0.794892,0,0.89931,
1.139999,0.588088,0.789774,0,0.913517,
1.149999,0.581689,0.784582,0,0.928227,
1.159999,0.575236,0.779316,0,0.943464,
1.169999,0.568728,0.773976,0,0.959252,
1.179999,0.562164,0.76856,0,0.97562,
1.189999,0.555544,0.763068,0,0.992597,
1.199999,0.548869,0.757498,0,1.010212,
1.209999,0.542136,0.751851,0,1.028501,
1.219999,0.535347,0.746125,0,1.047496,
1.229999,0.528501,0.740319,0,1.067237,
1.239999,0.521598,0.734433,0,1.087763,
1.249999,0.514636,0.728465,0,1.109118,
1.259999,0.507616,0.722415,0,1.131347,
1.269999,0.500538,0.716281,0,1.154501,
1.279999,0.493401,0.710063,0,1.178631,
1.289999,0.486204,0.70376,0,1.203797,
1.299999,0.478948,0.69737,0,1.230058,
1.309999,0.471631,0.690892,0,1.257482,
1.319999,0.464254,0.684326,0,1.286141,
1.329999,0.456815,0.677669,0,1.31611,
1.339999,0.449315,0.670921,0,1.347476,
1.349999,0.441753,0.664081,0,1.380327,
1.359999,0.434128,0.657146,0,1.414763,
1.369999,0.426441,0.650117,0,1.45089,
1.379999,0.41869,0.64299,0,1.488826,
1.389999,0.410875,0.635765,0,1.528696,
1.399999,0.402995,0.62844,0,1.570639,
1.409999,0.39505,0.621014,0,1.614807,
1.419999,0.38704,0.613485,0,1.661365,
1.429999,0.378964,0.60585,0,1.710495,
1.439999,0.37082,0.598109,0,1.762398,
1.449999,0.36261,0.590259,0,1.817293,
1.459999,0.354331,0.582299,0,1.875423,
1.469999,0.345984,0.574225,0,1.937057,
1.479999,0.337567,0.566037,0,2.002494,
1.489999,0.329081,0.557731,0,2.072064,
1.499999,0.320523,0.549306,0,2.146135,
1.509999,0.311895,0.540759,0,2.22512,
1.519999,0.303194,0.532086,0,2.309479,
1.529999,0.294421,0.523286,0,2.399727,
1.539999,0.285574,0.514355,0,2.496448,
1.549999,0.276653,0.505291,0,2.600298,
1.559999,0.267657,0.496089,0,2.71202,
1.569999,0.258585,0.486747,0,2.832459,
1.579999,0.249437,0.477261,0,2.962579,
1.589999,0.240211,0.467627,0,3.103481,
1.599999,0.230907,0.45784,0,3.256432,
1.609999,0.221524,0.447897,0,3.422892,
1.619999,0.212061,0.437792,0,3.604552,
1.629999,0.202517,0.427521,0,3.80338,
1.639999,0.192892,0.417077,0,4.021679,
1.649999,0.183185,0.406456,0,4.262152,
1.659999,0.173394,0.395651,0,4.527995,
1.669999,0.163521,0.384656,0,4.823005,
1.679999,0.153562,0.373462,0,5.151722,
1.689999,0.143519,0.362061,0,5.519613,
1.699999,0.133391,0.350446,0,5.933299,
1.709999,0.123178,0.338607,0,6.400868,
1.719999,0.112879,0.326533,0,6.932271,
1.729999,0.102495,0.314213,0,7.539864,
1.739999,0.092027,0.301634,0,8.23912,
1.749999,0.081475,0.288782,0,9.049607,
1.759999,0.070842,0.275641,0,9.996331,
1.769999,0.06013,0.262194,0,11.111593,
1.779999,0.049344,0.248421,0,12.437598,
1.789999,0.038488,0.234299,0,14.030138,
1.799999,0.027571,0.219803,0,15.963865,
1.809999,0.016603,0.204904,0,18.339796,
1.819999,0.0056,0.189569,0,21.295994,
1.829999,-0.005418,0.17376,0,25.022348,
1.839999,-0.016419,0.157433,0,29.779854,
1.849999,-0.027361,0.14054,0,35.921513,
1.859999,-0.038183,0.123031,0,43.902115,
1.869999,-0.048798,0.104854,0,54.23494,
1.879999,-0.059084,0.085972,0,67.286934,
1.889999,-0.068882,0.066378,0,82.704895,
1.899999,-0.078003,0.046132,0,98.351768,
1.909999,-0.086268,0.02538,0,109.588013,
1.919999,-0.093574,0.004346,0,111.298378,
1.929999,-0.099919,-0.016733,0,102.564941,
1.939999,-0.105389,-0.037665,0,87.68618,
1.949998,-0.110101,-0.058326,0,71.853561,
1.959998,-0.114175,-0.078649,0,57.97385,
1.969998,-0.117715,-0.098605,0,46.821983,
1.979998,-0.120805,-0.118183,0,38.168579,
1.989998,-0.123514,-0.137389,0,31.511419,
1.999998,-0.125898,-0.156233,0,26.368496,
2.009999,-0.128,-0.174728,0,22.355133,
2.019999,-0.129857,-0.192888,0,19.184029,
2.029999,-0.131498,-0.210726,0,16.64554,
2.039999,-0.132947,-0.228257,0,14.587382,
2.049999,-0.134224,-0.245494,0,12.898393,
2.059999,-0.135347,-0.262448,0,11.49671,
2.069999,-0.13633,-0.279132,0,10.321356,
2.079998,-0.137186,-0.295555,0,9.326382,
2.089998,-0.137926,-0.311728,0,8.476747,
2.099998,-0.138559,-0.327659,0,7.745417,
2.109998,-0.139094,-0.343357,0,7.111309,
2.119998,-0.139537,-0.35883,0,6.557802,
2.129998,-0.139895,-0.374085,0,6.071661,
2.139998,-0.140175,-0.389129,0,5.64226,
2.149998,-0.140381,-0.403969,0,5.260982,
2.159998,-0.140518,-0.418609,0,4.920786,
2.169998,-0.14059,-0.433057,0,4.61588,
2.179998,-0.140601,-0.447316,0,4.341459,
2.189998,-0.140554,-0.461392,0,4.09351,
2.199998,-0.140453,-0.47529,0,3.868666,
2.209998,-0.1403,-0.489014,0,3.664082,
2.219998,-0.140099,-0.502567,0,3.477339,
2.229998,-0.139851,-0.515955,0,3.306372,
2.239998,-0.13956,-0.52918,0,3.149412,
2.249998,-0.139226,-0.542245,0,3.004928,
2.259998,-0.138853,-0.555156,0,2.8716,
2.269998,-0.138441,-0.567913,0,2.748278,
2.279998,-0.137993,-0.580521,0,2.633956,
2.289998,-0.13751,-0.592982,0,2.527757,
2.299998,-0.136993,-0.6053,0,2.428906,
2.309998,-0.136445,-0.617476,0,2.336722,
2.319998,-0.135865,-0.629512,0,2.250601,
2.329998,-0.135257,-0.641413,0,2.170007,
2.339998,-0.13462,-0.653179,0,2.094462,
2.349998,-0.133956,-0.664812,0,2.023542,
2.359998,-0.133265,-0.676316,0,1.956865,
2.369998,-0.132549,-0.687691,0,1.894088,
2.379998,-0.131809,-0.698941,0,1.834904,
2.389998,-0.131046,-0.710066,0,1.779036,
2.399998,-0.13026,-0.721068,0,1.726233,
2.409998,-0.129452,-0.73195,0,1.676268,
2.419998,-0.128623,-0.742712,0,1.628935,
2.429998,-0.127773,-0.753357,0,1.584047,
2.439998,-0.126904,-0.763885,0,1.541433,
2.449998,-0.126016,-0.774299,0,1.500937,
2.459998,-0.12511,-0.7846,0,1.462418,
2.469998,-0.124185,-0.794789,0,1.425744,
2.479998,-0.123244,-0.804867,0,1.390797,
2.489998,-0.122285,-0.814836,0,1.357467,
2.499998,-0.121311,-0.824697,0,1.325652,
2.509998,-0.12032,-0.834451,0,1.29526,
2.519998,-0.119315,-0.8441,0,1.266205,
2.529998,-0.118294,-0.853643,0,1.238407,
2.539998,-0.11726,-0.863084,0,1.211794,
2.549998,-0.116211,-0.872422,0,1.186296,
2.559998,-0.115149,-0.881659,0,1.161852,
2.569998,-0.114074,-0.890795,0,1.138402,
2.579998,-0.112986,-0.899832,0,1.115893,
2.589998,-0.111886,-0.908771,0,1.094273,
2.599998,-0.110773,-0.917612,0,1.073495,
2.609998,-0.109649,-0.926356,0,1.053516,
2.619998,-0.108514,-0.935005,0,1.034294,
2.629998,-0.107368,-0.943558,0,1.015791,
2.639998,-0.106211,-0.952017,0,0.997971,
2.649998,-0.105043,-0.960383,0,0.9808,
2.659998,-0.103866,-0.968657,0,0.964247,
2.669998,-0.102678,-0.976838,0,0.948283,
2.679998,-0.101481,-0.984929,0,0.932878,
2.689998,-0.100275,-0.992929,0,0.918009,
2.699998,-0.099059,-1.000839,0,0.903648,
2.709998,-0.097835,-1.00866,0,0.889775,
2.719998,-0.096603,-1.016393,0,0.876367,
2.729998,-0.095361,-1.024038,0,0.863403,
2.739998,-0.094112,-1.031596,0,0.850865,
2.749998,-0.092855,-1.039067,0,0.838733,
2.759998,-0.09159,-1.046453,0,0.826991,
2.769998,-0.090318,-1.053753,0,0.815622,
2.779998,-0.089038,-1.060968,0,0.804611,
2.789998,-0.087752,-1.068099,0,0.793944,
2.799998,-0.086458,-1.075147,0,0.783606,
2.809998,-0.085158,-1.082111,0,0.773584,
2.819998,-0.083851,-1.088992,0,0.763867,
2.829998,-0.082538,-1.095792,0,0.754441,
2.839998,-0.081219,-1.102509,0,0.745297,
2.849998,-0.079894,-1.109146,0,0.736423,
2.859998,-0.078563,-1.115702,0,0.727809,
2.869998,-0.077227,-1.122177,0,0.719446,
2.879998,-0.075884,-1.128573,0,0.711324,
2.889998,-0.074537,-1.134889,0,0.703435,
2.899998,-0.073184,-1.141127,0,0.695771,
2.909998,-0.071827,-1.147285,0,0.688323,
2.919998,-0.070464,-1.153366,0,0.681084,
2.929998,-0.069097,-1.159369,0,0.674047,
2.939998,-0.067725,-1.165295,0,0.667205,
2.949998,-0.066348,-1.171143,0,0.660551,
2.959998,-0.064968,-1.176915,0,0.65408,
2.969998,-0.063583,-1.182611,0,0.647785,
2.979998,-0.062194,-1.188231,0,0.64166,
2.989998,-0.060801,-1.193775,0,0.635701,
2.999998,-0.059404,-1.199244,0,0.629901,
3.009998,-0.058004,-1.204639,0,0.624256,
3.019998,-0.056599,-1.209958,0,0.618761,
3.029998,-0.055192,-1.215204,0,0.613412,
3.039998,-0.053781,-1.220376,0,0.608204,
3.049998,-0.052367,-1.225474,0,0.603133,
3.059998,-0.050949,-1.230498,0,0.598194,
3.069998,-0.049529,-1.23545,0,0.593385,
3.079998,-0.048106,-1.240329,0,0.588701,
3.089998,-0.04668,-1.245136,0,0.584139,
3.099998,-0.045251,-1.24987,0,0.579695,
3.109998,-0.04382,-1.254532,0,0.575366,
3.119998,-0.042386,-1.259123,0,0.571149,
3.129997,-0.04095,-1.263642,0,0.567041,
3.139997,-0.039511,-1.26809,0,0.563039,
3.149997,-0.03807,-1.272468,0,0.55914,
3.159997,-0.036627,-1.276775,0,0.555342,
3.169997,-0.035182,-1.281011,0,0.551641,
3.179997,-0.033736,-1.285177,0,0.548037,
3.189997,-0.032287,-1.289273,0,0.544525,
3.199997,-0.030836,-1.293299,0,0.541104,
3.209997,-0.029384,-1.297256,0,0.537771,
3.219997,-0.027931,-1.301143,0,0.534526,
3.229997,-0.026475,-1.304961,0,0.531364,
3.239997,-0.025019,-1.308711,0,0.528285,
3.249997,-0.023561,-1.312391,0,0.525287,
3.259997,-0.022102,-1.316003,0,0.522367,
3.269997,-0.020642,-1.319547,0,0.519525,
3.279997,-0.01918,-1.323022,0,0.516757,
3.289997,-0.017718,-1.32643,0,0.514064,
3.299997,-0.016255,-1.329769,0,0.511442,
3.309997,-0.014791,-1.333041,0,0.508891,
3.319997,-0.013326,-1.336246,0,0.506409,
3.329997,-0.011861,-1.339383,0,0.503995,
3.339997,-0.010395,-1.342453,0,0.501648,
3.349997,-0.008928,-1.345456,0,0.499365,
3.359997,-0.007461,-1.348392,0,0.497147,
3.369997,-0.005994,-1.351261,0,0.494991,
3.379997,-0.004526,-1.354064,0,0.492896,
3.389997,-0.003058,-1.3568,0,0.490862,
3.399997,-0.00159,-1.35947,0,0.488887,
3.409997,-0.000122,-1.362073,0,0.486971,
3.419997,0.001346,-1.364611,0,0.485112,
3.429997,0.002814,-1.367082,0,0.483309,
3.439997,0.004282,-1.369488,0,0.481561,
3.449997,0.00575,-1.371828,0,0.479868,
3.459997,0.007217,-1.374102,0,0.478229,
3.469997,0.008684,-1.376311,0,0.476642,
3.479997,0.010151,-1.378455,0,0.475107,
3.489997,0.011617,-1.380533,0,0.473624,
3.499997,0.013083,-1.382546,0,0.472191,
3.509997,0.014548,-1.384494,0,0.470808,
3.519997,0.016012,-1.386377,0,0.469475,
3.529997,0.017476,-1.388195,0,0.468189,
3.539997,0.018939,-1.389949,0,0.466952,
3.549997,0.020401,-1.391637,0,0.465762,
3.559997,0.021861,-1.393261,0,0.464619,
3.569997,0.023321,-1.39482,0,0.463522,
3.579997,0.02478,-1.396315,0,0.462471,
3.589997,0.026238,-1.397745,0,0.461465,
3.599997,0.027695,-1.399111,0,0.460504,
3.609997,0.02915,-1.400413,0,0.459587,
3.619997,0.030604,-1.40165,0,0.458714,
3.629997,0.032056,-1.402824,0,0.457885,
3.639997,0.033507,-1.403933,0,0.457098,
3.649997,0.034957,-1.404978,0,0.456355,
3.659997,0.036405,-1.405959,0,0.455654,
3.669997,0.037851,-1.406876,0,0.454995,
3.679997,0.039295,-1.407729,0,0.454377,
3.689997,0.040738,-1.408518,0,0.453802,
3.699997,0.042179,-1.409244,0,0.453267,
3.709997,0.043618,-1.409905,0,0.452774,
3.719997,0.045055,-1.410503,0,0.452321,
3.729997,0.04649,-1.411037,0,0.45191,
3.739997,0.047923,-1.411508,0,0.451538,
3.749997,0.049354,-1.411914,0,0.451207,
3.759997,0.050782,-1.412257,0,0.450916,
3.769997,0.052209,-1.412537,0,0.450665,
3.779997,0.053632,-1.412753,0,0.450454,
3.789997,0.055054,-1.412905,0,0.450282,
3.799997,0.056473,-1.412993,0,0.450151,
3.809997,0.057889,-1.413018,0,0.450059,
3.819997,0.059303,-1.412979,0,0.450006,
3.829997,0.060714,-1.412877,0,0.449994,
3.839997,0.062123,-1.412711,0,0.450021,
3.849997,0.063528,-1.412482,0,0.450087,
3.859997,0.064931,-1.412189,0,0.450193,
3.869997,0.066331,-1.411832,0,0.450339,
3.879997,0.067728,-1.411412,0,0.450525,
3.889997,0.069122,-1.410928,0,0.45075,
3.899997,0.070512,-1.410381,0,0.451015,
3.909997,0.0719,-1.40977,0,0.451321,
3.919997,0.073284,-1.409095,0,0.451666,
3.929997,0.074665,-1.408357,0,0.452052,
3.939997,0.076043,-1.407555,0,0.452479,
3.949997,0.077417,-1.406689,0,0.452946,
3.959997,0.078787,-1.405759,0,0.453454,
3.969997,0.080154,-1.404765,0,0.454003,
3.979997,0.081518,-1.403708,0,0.454594,
3.989997,0.082877,-1.402587,0,0.455226,
3.999997,0.084233,-1.401401,0,0.4559,
4.009997,0.085585,-1.400152,0,0.456616,
4.019997,0.086933,-1.398839,0,0.457375,
4.029997,0.088278,-1.397461,0,0.458177,
4.039998,0.089618,-1.39602,0,0.459022,
4.049998,0.090954,-1.394514,0,0.45991,
4.059998,0.092285,-1.392944,0,0.460843,
4.069998,0.093613,-1.39131,0,0.46182,
4.079998,0.094936,-1.389611,0,0.462842,
4.089999,0.096255,-1.387848,0,0.46391,
4.099999,0.097569,-1.38602,0,0.465023,
4.109999,0.098879,-1.384128,0,0.466183,
4.119999,0.100184,-1.382171,0,0.46739,
4.13,0.101485,-1.380149,0,0.468644,
4.14,0.10278,-1.378062,0,0.469947,
4.15,0.104071,-1.375911,0,0.471298,
4.16,0.105357,-1.373694,0,0.472699,
4.170001,0.106638,-1.371412,0,0.474149,
4.180001,0.107914,-1.369065,0,0.475651,
4.190001,0.109185,-1.366653,0,0.477204,
4.200001,0.11045,-1.364175,0,0.47881,
4.210001,0.11171,-1.361632,0,0.480468,
4.220002,0.112965,-1.359023,0,0.482181,
4.230002,0.114214,-1.356348,0,0.483948,
4.240002,0.115458,-1.353607,0,0.485771,
4.250002,0.116696,-1.350801,0,0.487651,
4.260003,0.117929,-1.347928,0,0.489588,
4.270003,0.119155,-1.344989,0,0.491584,
4.280003,0.120376,-1.341983,0,0.493639,
4.290003,0.121591,-1.338911,0,0.495756,
4.300004,0.1228,-1.335773,0,0.497934,
4.310004,0.124002,-1.332567,0,0.500176,
4.320004,0.125198,-1.329295,0,0.502481,
4.330004,0.126388,-1.325955,0,0.504852,
4.340004,0.127572,-1.322549,0,0.50729,
4.350005,0.128749,-1.319074,0,0.509797,
4.360005,0.12992,-1.315532,0,0.512373,
4.370005,0.131084,-1.311923,0,0.51502,
4.380005,0.132241,-1.308245,0,0.51774,
4.390006,0.133391,-1.3045,0,0.520534,
4.400006,0.134534,-1.300686,0,0.523404,
4.410006,0.13567,-1.296804,0,0.526352,
4.420006,0.136799,-1.292853,0,0.529379,
4.430007,0.137921,-1.288833,0,0.532487,
4.440007,0.139035,-1.284744,0,0.535678,
4.450007,0.140142,-1.280586,0,0.538955,
4.460007,0.141241,-1.276358,0,0.542319,
4.470007,0.142332,-1.272061,0,0.545772,
4.480008,0.143416,-1.267694,0,0.549317,
4.490008,0.144491,-1.263257,0,0.552956,
4.500008,0.145559,-1.258749,0,0.556691,
4.510008,0.146619,-1.254171,0,0.560525,
4.520009,0.14767,-1.249523,0,0.56446,
4.530009,0.148713,-1.244803,0,0.5685,
4.540009,0.149747,-1.240012,0,0.572647,
4.550009,0.150772,-1.235149,0,0.576904,
4.560009,0.151789,-1.230214,0,0.581273,
4.57001,0.152797,-1.225208,0,0.585759,
4.58001,0.153796,-1.220129,0,0.590365,
4.59001,0.154786,-1.214977,0,0.595093,
4.60001,0.155767,-1.209753,0,0.599948,
4.610011,0.156738,-1.204455,0,0.604934,
4.620011,0.157699,-1.199084,0,0.610054,
4.630011,0.158651,-1.19364,0,0.615312,
4.640011,0.159593,-1.188121,0,0.620713,
4.650012,0.160525,-1.182527,0,0.626261,
4.660012,0.161447,-1.176859,0,0.631961,
4.670012,0.162359,-1.171116,0,0.637817,
4.680012,0.16326,-1.165298,0,0.643835,
4.690012,0.16415,-1.159403,0,0.65002,
4.700013,0.16503,-1.153433,0,0.656378,
4.710013,0.165899,-1.147386,0,0.662914,
4.720013,0.166757,-1.141262,0,0.669634,
4.730013,0.167603,-1.135062,0,0.676545,
4.740014,0.168438,-1.128783,0,0.683654,
4.750014,0.169261,-1.122427,0,0.690967,
4.760014,0.170073,-1.115992,0,0.698492,
4.770014,0.170872,-1.109478,0,0.706236,
4.780015,0.171659,-1.102885,0,0.714207,
4.790015,0.172434,-1.096212,0,0.722414,
4.800015,0.173196,-1.08946,0,0.730866,
4.810015,0.173946,-1.082626,0,0.739572,
4.820015,0.174682,-1.075712,0,0.748542,
4.830016,0.175406,-1.068716,0,0.757786,
4.840016,0.176115,-1.061638,0,0.767315,
4.850016,0.176811,-1.054478,0,0.77714,
4.860016,0.177493,-1.047235,0,0.787273,
4.870017,0.178161,-1.039908,0,0.797728,
4.880017,0.178815,-1.032497,0,0.808517,
4.890017,0.179454,-1.025001,0,0.819654,
4.900017,0.180078,-1.01742,0,0.831155,
4.910017,0.180687,-1.009754,0,0.843034,
4.920018,0.18128,-1.002001,0,0.85531,
4.930018,0.181858,-0.994161,0,0.867999,
4.940018,0.182419,-0.986233,0,0.881119,
4.950018,0.182965,-0.978218,0,0.894692,
4.960019,0.183493,-0.970113,0,0.908737,
4.970019,0.184005,-0.961919,0,0.923277,
4.980019,0.184499,-0.953634,0,0.938335,
4.990019,0.184976,-0.945259,0,0.953937,
5.00002,0.185435,-0.936792,0,0.97011,
5.01002,0.185876,-0.928232,0,0.98688,
5.02002,0.186298,-0.919579,0,1.00428,
5.03002,0.1867,-0.910832,0,1.022341,
5.04002,0.187084,-0.901991,0,1.041097,
5.050021,0.187448,-0.893053,0,1.060586,
5.060021,0.187791,-0.884019,0,1.080846,
5.070021,0.188114,-0.874888,0,1.10192,
5.080021,0.188415,-0.865659,0,1.123853,
5.090022,0.188695,-0.85633,0,1.146694,
5.100022,0.188953,-0.846901,0,1.170493,
5.110022,0.189188,-0.83737,0,1.195308,
5.120022,0.1894,-0.827738,0,1.221198,
5.130023,0.189589,-0.818002,0,1.248228,
5.140023,0.189753,-0.808162,0,1.276467,
5.150023,0.189892,-0.798216,0,1.305992,
5.160023,0.190007,-0.788163,0,1.336883,
5.170023,0.190095,-0.778003,0,1.36923,
5.180024,0.190156,-0.767733,0,1.403128,
5.190024,0.19019,-0.757353,0,1.43868,
5.200024,0.190196,-0.746861,0,1.476001,
5.210024,0.190173,-0.736256,0,1.515213,
5.220025,0.190121,-0.725536,0,1.55645,
5.230025,0.190038,-0.714701,0,1.599861,
5.240025,0.189924,-0.703747,0,1.645604,
5.250025,0.189778,-0.692675,0,1.693858,
5.260026,0.189598,-0.681481,0,1.744815,
5.270026,0.189385,-0.670165,0,1.798689,
5.280026,0.189136,-0.658725,0,1.855715,
5.290026,0.188851,-0.647158,0,1.916153,
5.300026,0.188529,-0.635464,0,1.98029,
5.310027,0.188168,-0.623639,0,2.048446,
5.320027,0.187767,-0.611682,0,2.120978,
5.330027,0.187325,-0.59959,0,2.19828,
5.340027,0.18684,-0.587362,0,2.280797,
5.350028,0.186311,-0.574994,0,2.369026,
5.360028,0.185736,-0.562485,0,2.463525,
5.370028,0.185114,-0.549831,0,2.564926,
5.380028,0.184442,-0.537031,0,2.673942,
5.390028,0.183718,-0.524081,0,2.791381,
5.400029,0.182941,-0.510977,0,2.918166,
5.410029,0.182108,-0.497718,0,3.055351,
5.420029,0.181216,-0.484299,0,3.204143,
5.430029,0.180264,-0.470717,0,3.365935,
5.44003,0.179248,-0.456968,0,3.542336,
5.45003,0.178164,-0.443049,0,3.735218,
5.46003,0.177011,-0.428955,0,3.946763,
5.47003,0.175783,-0.414681,0,4.179533,
5.480031,0.174478,-0.400224,0,4.43655,
5.490031,0.17309,-0.385577,0,4.721395,
5.500031,0.171615,-0.370737,0,5.038347,
5.510031,0.170047,-0.355696,0,5.392538,
5.520031,0.168381,-0.34045,0,5.790176,
5.530032,0.16661,-0.324991,0,6.238823,
5.540032,0.164726,-0.309312,0,6.747758,
5.550032,0.162722,-0.293407,0,7.328468,
5.560032,0.160587,-0.277268,0,7.995295,
5.570033,0.158312,-0.260885,0,8.766316,
5.580033,0.155884,-0.24425,0,9.664556,
5.590033,0.153289,-0.227354,0,10.719638,
5.600033,0.15051,-0.210185,0,11.970126,
5.610034,0.147528,-0.192733,0,13.466805,
5.620034,0.144321,-0.174987,0,15.277345,
5.630034,0.140862,-0.156935,0,17.492987,
5.640034,0.137118,-0.138565,0,20.238049,
5.650034,0.133049,-0.119867,0,23.683266,
5.660035,0.128606,-0.100832,0,28.063618,
5.670035,0.12373,-0.081458,0,33.699421,
5.680035,0.118347,-0.06175,0,41.012417,
5.690035,0.112366,-0.04173,0,50.507896,
5.700036,0.105681,-0.021448,0,62.641827,
5.710036,0.098178,-0.001,0,77.396591,
5.720036,0.089758,0.019457,0,93.362221,
5.730036,0.080381,0.039706,0,106.696953,
5.740036,0.070104,0.059511,0,111.97258,
5.750037,0.05908,0.078682,0,106.432289,
5.760037,0.047508,0.097122,0,92.961868,
5.770037,0.035569,0.114814,0,76.990776,
5.780037,0.023409,0.131791,0,62.294384,
5.790038,0.011132,0.148106,0,50.231705,
5.800038,-0.001191,0.163817,0,40.79892,
5.810038,-0.01351,0.178978,0,33.535236,
5.820038,-0.025791,0.19364,0,27.936615,
5.830039,-0.038012,0.207844,0,23.58396,
5.840039,-0.050156,0.22163,0,20.159405,
5.850039,-0.062212,0.235029,0,17.429888,
5.860039,-0.074174,0.248071,0,15.226076,
5.870039,-0.086036,0.260779,0,13.424648,
5.88004,-0.097795,0.273177,0,11.935077,
5.89004,-0.10945,0.285282,0,10.690197,
5.90004,-0.120999,0.297112,0,9.639593,
5.91004,-0.132443,0.308682,0,8.744971,
5.920041,-0.14378,0.320006,0,7.976898,
5.930041,-0.155013,0.331097,0,7.312499,
5.940041,-0.166142,0.341964,0,6.733804,
5.950041,-0.177166,0.352618,0,6.226554,
5.960042,-0.188089,0.363068,0,5.77933,
5.970042,-0.19891,0.373323,0,5.382899,
5.980042,-0.209631,0.383391,0,5.02974,
5.990042,-0.220254,0.393277,0,4.713676,
6.000042,-0.230779,0.40299,0,4.429597,
6.010043,-0.241207,0.412534,0,4.173247,
6.020043,-0.251541,0.421915,0,3.941059,
6.030043,-0.26178,0.43114,0,3.730026,
6.040043,-0.271927,0.440211,0,3.537594,
6.050044,-0.281983,0.449135,0,3.361591,
6.060044,-0.291948,0.457915,0,3.200154,
6.070044,-0.301825,0.466555,0,3.051677,
6.080044,-0.311613,0.475059,0,2.914775,
6.090044,-0.321314,0.483431,0,2.788243,
6.100045,-0.33093,0.491674,0,2.671031,
6.110045,-0.340461,0.49979,0,2.562222,
6.120045,-0.349908,0.507784,0,2.461007,
6.130045,-0.359272,0.515658,0,2.366677,
6.140046,-0.368554,0.523414,0,2.278602,
6.150046,-0.377756,0.531055,0,2.196225,
6.160046,-0.386877,0.538583,0,2.119052,
6.170046,-0.395919,0.546001,0,2.046638,
6.180047,-0.404883,0.553312,0,1.97859,
6.190047,-0.413769,0.560516,0,1.914551,
6.200047,-0.422579,0.567616,0,1.854205,
6.210047,-0.431313,0.574615,0,1.797264,
6.220047,-0.439971,0.581513,0,1.743468,
6.230048,-0.448555,0.588313,0,1.692583,
6.240048,-0.457065,0.595016,0,1.644396,
6.250048,-0.465502,0.601623,0,1.598715,
6.260048,-0.473867,0.608138,0,1.555362,
6.270049,-0.48216,0.61456,0,1.514179,
6.280049,-0.490382,0.620892,0,1.475017,
6.290049,-0.498533,0.627134,0,1.437744,
6.300049,-0.506615,0.633288,0,1.402235,
6.31005,-0.514627,0.639356,0,1.368379,
6.32005,-0.52257,0.645338,0,1.336071,
6.33005,-0.530446,0.651236,0,1.305215,
6.34005,-0.538253,0.657051,0,1.275725,
6.35005,-0.545993,0.662784,0,1.247517,
6.360051,-0.553667,0.668436,0,1.220518,
6.370051,-0.561275,0.674009,0,1.194656,
6.380051,-0.568817,0.679502,0,1.169869,
6.390051,-0.576293,0.684918,0,1.146094,
6.400052,-0.583705,0.690256,0,1.123278,
6.410052,-0.591053,0.695519,0,1.101368,
6.420052,-0.598337,0.700706,0,1.080315,
6.430052,-0.605557,0.70582,0,1.060075,
6.440053,-0.612715,0.710859,0,1.040606,
6.450053,-0.61981,0.715826,0,1.021868,
6.460053,-0.626842,0.720722,0,1.003824,
6.470053,-0.633813,0.725546,0,0.986441,
6.480053,-0.640722,0.730299,0,0.969686,
6.490054,-0.64757,0.734984,0,0.953529,
6.500054,-0.654358,0.739599,0,0.937941,
6.510054,-0.661085,0.744146,0,0.922897,
6.520054,-0.667752,0.748625,0,0.90837,
6.530055,-0.674359,0.753037,0,0.894337,
6.540055,-0.680907,0.757384,0,0.880776,
6.550055,-0.687396,0.761664,0,0.867667,
6.560055,-0.693826,0.765879,0,0.854989,
6.570055,-0.700198,0.77003,0,0.842724,
6.580056,-0.706511,0.774117,0,0.830854,
6.590056,-0.712766,0.77814,0,0.819363,
6.600056,-0.718964,0.7821,0,0.808235,
6.610056,-0.725105,0.785998,0,0.797455,
6.620057,-0.731188,0.789834,0,0.787009,
6.630057,-0.737215,0.793609,0,0.776884,
6.640057,-0.743185,0.797323,0,0.767066,
6.650057,-0.749099,0.800977,0,0.757545,
6.660058,-0.754957,0.80457,0,0.748308,
6.670058,-0.760759,0.808104,0,0.739346,
6.680058,-0.766505,0.811579,0,0.730646,
6.690058,-0.772196,0.814996,0,0.722201,
6.700058,-0.777832,0.818354,0,0.714,
6.710059,-0.783413,0.821654,0,0.706034,
6.720059,-0.788939,0.824898,0,0.698296,
6.730059,-0.794411,0.828084,0,0.690777,
6.740059,-0.799829,0.831213,0,0.683469,
6.75006,-0.805192,0.834286,0,0.676366,
6.76006,-0.810501,0.837304,0,0.66946,
6.77006,-0.815757,0.840266,0,0.662744,
6.78006,-0.820959,0.843173,0,0.656213,
6.790061,-0.826108,0.846025,0,0.64986,
6.800061,-0.831204,0.848822,0,0.643679,
6.810061,-0.836247,0.851566,0,0.637665,
6.820061,-0.841237,0.854255,0,0.631813,
6.830061,-0.846174,0.856891,0,0.626117,
6.840062,-0.851058,0.859474,0,0.620573,
6.850062,-0.855891,0.862004,0,0.615176,
6.860062,-0.860671,0.864482,0,0.609921,
6.870062,-0.865399,0.866907,0,0.604805,
6.880063,-0.870075,0.86928,0,0.599823,
6.890063,-0.874699,0.871602,0,0.594971,
6.900063,-0.879272,0.873872,0,0.590246,
6.910063,-0.883793,0.876091,0,0.585643,
6.920063,-0.888263,0.878259,0,0.58116,
6.930064,-0.892682,0.880376,0,0.576793,
6.940064,-0.89705,0.882443,0,0.57254,
6.950064,-0.901366,0.88446,0,0.568396,
6.960064,-0.905632,0.886427,0,0.564359,
6.970065,-0.909847,0.888344,0,0.560426,
6.980065,-0.914011,0.890212,0,0.556594,
6.990065,-0.918125,0.89203,0,0.552862,
7.000065,-0.922188,0.8938,0,0.549225,
7.010066,-0.926201,0.895521,0,0.545683,
7.020066,-0.930164,0.897193,0,0.542232,
7.030066,-0.934077,0.898817,0,0.53887,
7.040066,-0.93794,0.900392,0,0.535596,
7.050066,-0.941752,0.90192,0,0.532407,
7.060067,-0.945515,0.9034,0,0.5293,
7.070067,-0.949228,0.904833,0,0.526275,
7.080067,-0.952892,0.906218,0,0.52333,
7.090067,-0.956506,0.907556,0,0.520462,
7.100068,-0.96007,0.908847,0,0.51767,
7.110068,-0.963585,0.910091,0,0.514952,
7.120068,-0.96705,0.911288,0,0.512306,
7.130068,-0.970467,0.91244,0,0.509732,
7.140069,-0.973834,0.913544,0,0.507228,
7.150069,-0.977151,0.914603,0,0.504791,
7.160069,-0.98042,0.915616,0,0.502422,
7.170069,-0.98364,0.916583,0,0.500118,
7.180069,-0.986811,0.917504,0,0.497878,
7.19007,-0.989933,0.91838,0,0.495701,
7.20007,-0.993006,0.91921,0,0.493587,
7.21007,-0.99603,0.919996,0,0.491533,
7.22007,-0.999005,0.920736,0,0.489538,
7.230071,-1.001932,0.921432,0,0.487602,
7.240071,-1.00481,0.922082,0,0.485724,
7.250071,-1.007639,0.922688,0,0.483903,
7.260071,-1.01042,0.92325,0,0.482137,
7.270072,-1.013152,0.923767,0,0.480426,
7.280072,-1.015836,0.92424,0,0.478768,
7.290072,-1.018471,0.924669,0,0.477164,
7.300072,-1.021058,0.925054,0,0.475613,
7.310072,-1.023597,0.925395,0,0.474112,
7.320073,-1.026087,0.925692,0,0.472663,
7.330073,-1.028528,0.925946,0,0.471263,
7.340073,-1.030922,0.926156,0,0.469914,
7.350073,-1.033267,0.926323,0,0.468612,
7.360074,-1.035564,0.926446,0,0.467359,
7.370074,-1.037812,0.926526,0,0.466154,
7.380074,-1.040012,0.926563,0,0.464995,
7.390074,-1.042164,0.926558,0,0.463883,
7.400074,-1.044268,0.926509,0,0.462816,
7.410075,-1.046324,0.926417,0,0.461795,
7.420075,-1.048331,0.926283,0,0.460819,
7.430075,-1.05029,0.926107,0,0.459888,
7.440075,-1.052201,0.925887,0,0.459,
7.450076,-1.054064,0.925626,0,0.458156,
7.460076,-1.055878,0.925322,0,0.457356,
7.470076,-1.057645,0.924975,0,0.456598,
7.480076,-1.059363,0.924587,0,0.455883,
7.490077,-1.061033,0.924156,0,0.45521,
7.500077,-1.062654,0.923684,0,0.454579,
7.510077,-1.064227,0.923169,0,0.453989,
7.520077,-1.065753,0.922613,0,0.453441,
7.530077,-1.06723,0.922015,0,0.452934,
7.540078,-1.068658,0.921375,0,0.452468,
7.550078,-1.070038,0.920694,0,0.452043,
7.560078,-1.07137,0.919971,0,0.451658,
7.570078,-1.072654,0.919206,0,0.451313,
7.580079,-1.073889,0.9184,0,0.451009,
7.590079,-1.075076,0.917552,0,0.450745,
7.600079,-1.076214,0.916664,0,0.45052,
7.610079,-1.077304,0.915734,0,0.450336,
7.62008,-1.078345,0.914762,0,0.450191,
7.63008,-1.079338,0.91375,0,0.450086,
7.64008,-1.080282,0.912696,0,0.45002,
7.65008,-1.081178,0.911602,0,0.449994,
7.66008,-1.082025,0.910466,0,0.450008,
7.670081,-1.082823,0.909289,0,0.450062,
7.680081,-1.083573,0.908072,0,0.450154,
7.690081,-1.084274,0.906813,0,0.450287,
7.700081,-1.084926,0.905514,0,0.45046,
7.710082,-1.085529,0.904174,0,0.450672,
7.720082,-1.086083,0.902793,0,0.450924,
7.730082,-1.086588,0.901371,0,0.451216,
7.740082,-1.087044,0.899909,0,0.451548,
7.750082,-1.087451,0.898406,0,0.451921,
7.760083,-1.087808,0.896862,0,0.452334,
7.770083,-1.088117,0.895278,0,0.452787,
7.780083,-1.088376,0.893653,0,0.453281,
7.790083,-1.088586,0.891988,0,0.453817,
7.800084,-1.088746,0.890282,0,0.454394,
7.810084,-1.088857,0.888535,0,0.455012,
7.820084,-1.088918,0.886749,0,0.455672,
7.830084,-1.088929,0.884921,0,0.456374,
7.840085,-1.088891,0.883053,0,0.457119,
7.850085,-1.088803,0.881145,0,0.457907,
7.860085,-1.088665,0.879196,0,0.458737,
7.870085,-1.088476,0.877207,0,0.459611,
7.880085,-1.088238,0.875178,0,0.460529,
7.890086,-1.087949,0.873108,0,0.461492,
7.900086,-1.08761,0.870998,0,0.462499,
7.910086,-1.087221,0.868847,0,0.463551,
7.920086,-1.086781,0.866656,0,0.464649,
7.930087,-1.086291,0.864425,0,0.465794,
7.940087,-1.08575,0.862153,0,0.466985,
7.950087,-1.085158,0.859841,0,0.468223,
7.960087,-1.084515,0.857488,0,0.46951,
7.970088,-1.083821,0.855095,0,0.470845,
7.980088,-1.083076,0.852662,0,0.472229,
7.990088,-1.082279,0.850188,0,0.473663,
8.000088,-1.081431,0.847674,0,0.475147,
8.010088,-1.080532,0.84512,0,0.476683,
8.020088,-1.079581,0.842525,0,0.478271,
8.030088,-1.078578,0.83989,0,0.479912,
8.040089,-1.077523,0.837214,0,0.481607,
8.050089,-1.076416,0.834498,0,0.483356,
8.060089,-1.075257,0.831741,0,0.48516,
8.070089,-1.074045,0.828944,0,0.487021,
8.08009,-1.072781,0.826106,0,0.488939,
8.09009,-1.071464,0.823228,0,0.490915,
8.10009,-1.070095,0.820309,0,0.492951,
8.11009,-1.068672,0.81735,0,0.495047,
8.12009,-1.067196,0.81435,0,0.497204,
8.130091,-1.065668,0.811309,0,0.499425,
8.140091,-1.064085,0.808227,0,0.501709,
8.150091,-1.062449,0.805105,0,0.504058,
8.160091,-1.060759,0.801942,0,0.506474,
8.170092,-1.059015,0.798738,0,0.508957,
8.180092,-1.057217,0.795494,0,0.51151,
8.190092,-1.055365,0.792208,0,0.514133,
8.200092,-1.053458,0.788882,0,0.516829,
8.210093,-1.051496,0.785514,0,0.519598,
8.220093,-1.049479,0.782106,0,0.522443,
8.230093,-1.047408,0.778656,0,0.525365,
8.240093,-1.045281,0.775165,0,0.528365,
8.250093,-1.043098,0.771633,0,0.531446,
8.260094,-1.04086,0.76806,0,0.53461,
8.270094,-1.038565,0.764445,0,0.537858,
8.280094,-1.036215,0.760789,0,0.541192,
8.290094,-1.033808,0.757092,0,0.544616,
8.300095,-1.031344,0.753353,0,0.54813,
8.310095,-1.028823,0.749573,0,0.551737,
8.320095,-1.026246,0.745751,0,0.55544,
8.330095,-1.02361,0.741887,0,0.559241,
8.340096,-1.020918,0.737981,0,0.563142,
8.350096,-1.018167,0.734034,0,0.567147,
8.360096,-1.015358,0.730045,0,0.571258,
8.370096,-1.012491,0.726013,0,0.575478,
8.380096,-1.009565,0.72194,0,0.57981,
8.390097,-1.00658,0.717824,0,0.584257,
8.400097,-1.003536,0.713667,0,0.588822,
8.410097,-1.000432,0.709466,0,0.593509,
8.420097,-0.997268,0.705224,0,0.598322,
8.430098,-0.994044,0.700939,0,0.603264,
8.440098,-0.99076,0.696611,0,0.608339,
8.450098,-0.987415,0.69224,0,0.61355,
8.460098,-0.984009,0.687827,0,0.618903,
8.470098,-0.980541,0.68337,0,0.624402,
8.480099,-0.977012,0.678871,0,0.630051,
8.490099,-0.97342,0.674328,0,0.635855,
8.500099,-0.969766,0.669742,0,0.641818,
8.510099,-0.966049,0.665113,0,0.647947,
8.5201,-0.962269,0.66044,0,0.654247,
8.5301,-0.958426,0.655724,0,0.660723,
8.5401,-0.954518,0.650964,0,0.667382,
8.5501,-0.950546,0.64616,0,0.674229,
8.560101,-0.94651,0.641311,0,0.681271,
8.570101,-0.942408,0.636419,0,0.688515,
8.580101,-0.93824,0.631483,0,0.695969,
8.590101,-0.934007,0.626502,0,0.703639,
8.600101,-0.929707,0.621476,0,0.711534,
8.610102,-0.92534,0.616406,0,0.719662,
8.620102,-0.920906,0.611291,0,0.728032,
8.630102,-0.916404,0.60613,0,0.736652,
8.640102,-0.911833,0.600925,0,0.745533,
8.650103,-0.907194,0.595674,0,0.754685,
8.660103,-0.902486,0.590378,0,0.764118,
8.670103,-0.897707,0.585036,0,0.773843,
8.680103,-0.892859,0.579648,0,0.783873,
8.690104,-0.887939,0.574214,0,0.794219,
8.700104,-0.882948,0.568734,0,0.804895,
8.710104,-0.877885,0.563208,0,0.815915,
8.720104,-0.872749,0.557635,0,0.827294,
8.730104,-0.86754,0.552015,0,0.839046,
8.740105,-0.862257,0.546348,0,0.851188,
8.750105,-0.8569,0.540634,0,0.863737,
8.760105,-0.851467,0.534873,0,0.876712,
8.770105,-0.845959,0.529064,0,0.890132,
8.780106,-0.840374,0.523207,0,0.904018,
8.790106,-0.834712,0.517302,0,0.918391,
8.800106,-0.828973,0.511349,0,0.933275,
8.810106,-0.823154,0.505347,0,0.948693,
8.820107,-0.817256,0.499297,0,0.964673,
8.830107,-0.811278,0.493197,0,0.981242,
8.840107,-0.805219,0.487048,0,0.998429,
8.850107,-0.799078,0.48085,0,1.016267,
8.860107,-0.792855,0.474602,0,1.034788,
8.870108,-0.786548,0.468304,0,1.054029,
8.880108,-0.780156,0.461956,0,1.074029,
8.890108,-0.773679,0.455557,0,1.094828,
8.900108,-0.767116,0.449108,0,1.11647,
8.910109,-0.760465,0.442607,0,1.139004,
8.920109,-0.753726,0.436054,0,1.162479,
8.930109,-0.746897,0.42945,0,1.18695,
8.940109,-0.739978,0.422794,0,1.212476,
8.950109,-0.732967,0.416086,0,1.239119,
8.96011,-0.725863,0.409324,0,1.266949,
8.97011,-0.718665,0.40251,0,1.296038,
8.98011,-0.711372,0.395643,0,1.326466,
8.99011,-0.703983,0.388721,0,1.358319,
9.000111,-0.696495,0.381746,0,1.39169,
9.010111,-0.688908,0.374716,0,1.426681,
9.020111,-0.68122,0.367631,0,1.463402,
9.030111,-0.673429,0.360491,0,1.501971,
9.040112,-0.665535,0.353295,0,1.54252,
9.050112,-0.657536,0.346043,0,1.585192,
9.060112,-0.649429,0.338735,0,1.630142,
9.070112,-0.641213,0.331371,0,1.677541,
9.080112,-0.632886,0.323948,0,1.727578,
9.090113,-0.624447,0.316469,0,1.780458,
9.100113,-0.615893,0.308931,0,1.83641,
9.110113,-0.607223,0.301334,0,1.895684,
9.120113,-0.598433,0.293679,0,1.958558,
9.130114,-0.589522,0.285964,0,2.025342,
9.140114,-0.580488,0.278189,0,2.096378,
9.150114,-0.571327,0.270353,0,2.172049,
9.160114,-0.562038,0.262457,0,2.252782,
9.170115,-0.552618,0.2545,0,2.339054,
9.180115,-0.543063,0.24648,0,2.431405,
9.190115,-0.53337,0.238398,0,2.530439,
9.200115,-0.523537,0.230253,0,2.636841,
9.210115,-0.51356,0.222045,0,2.751386,
9.220116,-0.503435,0.213773,0,2.874957,
9.230116,-0.493159,0.205437,0,3.008562,
9.240116,-0.482727,0.197036,0,3.153354,
9.250116,-0.472136,0.18857,0,3.310661,
9.260117,-0.46138,0.180038,0,3.482017,
9.270117,-0.450455,0.17144,0,3.669199,
9.280117,-0.439355,0.162775,0,3.874281,
9.290117,-0.428075,0.154044,0,4.099691,
9.300117,-0.416609,0.145246,0,4.348287,
9.310118,-0.404951,0.136381,0,4.623453,
9.320118,-0.393092,0.127448,0,4.929218,
9.330118,-0.381027,0.118449,0,5.27041,
9.340118,-0.368746,0.109382,0,5.652852,
9.350119,-0.356241,0.100249,0,6.083621,
9.360119,-0.343502,0.09105,0,6.571379,
9.370119,-0.330518,0.081786,0,7.126815,
9.380119,-0.317277,0.072458,0,7.763238,
9.39012,-0.303767,0.063069,0,8.497372,
9.40012,-0.289973,0.053621,0,9.350436,
9.41012,-0.275878,0.044118,0,10.349645,
9.42012,-0.261466,0.034564,0,11.530282,
9.43012,-0.246715,0.024965,0,12.938632,
9.440121,-0.231603,0.015329,0,14.636134,
9.450121,-0.216105,0.005668,0,16.705299,
9.460121,-0.20019,-0.004004,0,19.258198,
9.470121,-0.183825,-0.013668,0,22.448391,
9.480122,-0.166974,-0.023295,0,26.487274,
9.490122,-0.149594,-0.032848,0,31.664486,
9.500122,-0.13164,-0.042275,0,38.367416,
9.510122,-0.113067,-0.051503,0,47.080143,
9.520123,-0.093834,-0.060431,0,58.302895,
9.530123,-0.073923,-0.068922,0,72.250496,
9.540123,-0.053361,-0.076806,0,88.107018,
9.550123,-0.03225,-0.0839,0,102.897835,
9.560123,-0.010779,-0.090059,0,111.397293,
9.570124,0.010809,-0.095233,0,109.399094,
9.580124,0.032292,-0.099473,0,97.974434,
9.590124,0.053509,-0.102896,0,82.284294,
9.600124,0.074367,-0.105629,0,66.911255,
9.610125,0.094825,-0.107793,0,53.930843,
9.620125,0.114869,-0.109487,0,43.665607,
9.630125,0.134502,-0.110789,0,35.739605,
9.640125,0.153736,-0.111763,0,29.639509,
9.650126,0.172587,-0.112458,0,24.913034,
9.660126,0.191073,-0.112915,0,21.209793,
9.670126,0.209209,-0.113165,0,18.270933,
9.680126,0.227013,-0.113236,0,15.908137,
9.690126,0.244498,-0.113148,0,13.984489,
9.700127,0.261681,-0.11292,0,12.399777,
9.710127,0.278574,-0.112566,0,11.07993,
9.720127,0.295189,-0.112101,0,9.969564,
9.730127,0.311538,-0.111534,0,9.02678,
9.740128,0.327631,-0.110876,0,8.219494,
9.750128,0.343477,-0.110134,0,7.522867,
9.760128,0.359085,-0.109316,0,6.91745,
9.770128,0.374464,-0.108428,0,6.387862,
9.780128,0.389622,-0.107476,0,5.921821,
9.790129,0.404565,-0.106465,0,5.509429,
9.800129,0.419299,-0.105399,0,5.142644,
9.810129,0.433832,-0.104282,0,4.814874,
9.820129,0.448169,-0.103118,0,4.520681,
9.83013,0.462315,-0.10191,0,4.255549,
9.84013,0.476275,-0.100662,0,4.015695,
9.85013,0.490054,-0.099375,0,3.797938,
9.86013,0.503657,-0.098052,0,3.599586,
9.870131,0.517088,-0.096696,0,3.418348,
9.880131,0.530351,-0.095308,0,3.252263,
9.890131,0.543449,-0.093891,0,3.099645,
9.900131,0.556387,-0.092446,0,2.95904,
9.910131,0.569167,-0.090975,0,2.829188,
9.920132,0.581793,-0.089479,0,2.708988,
9.930132,0.594267,-0.08796,0,2.597483,
9.940132,0.606594,-0.086419,0,2.493829,
9.950132,0.618775,-0.084857,0,2.397285,
9.960133,0.630814,-0.083276,0,2.307198,
9.970133,0.642712,-0.081676,0,2.222986,
9.980133,0.654472,-0.080059,0,2.144136,
9.990133,0.666097,-0.078425,0,2.070187,
10.000134,0.677589,-0.076776,0,2.00073,
10.010134,0.688949,-0.075111,0,1.935397,
10.020134,0.70018,-0.073433,0,1.873858,
10.030134,0.711285,-0.071741,0,1.815815,
10.040134,0.722264,-0.070037,0,1.761002,
10.050135,0.733119,-0.06832,0,1.709175,
10.060135,0.743853,-0.066592,0,1.660114,
10.070135,0.754467,-0.064854,0,1.613621,
10.080135,0.764962,-0.063105,0,1.569514,
10.090136,0.775341,-0.061347,0,1.527627,
10.100136,0.785604,-0.059579,0,1.487809,
10.110136,0.795753,-0.057803,0,1.449922,
10.120136,0.80579,-0.056019,0,1.413841,
10.130136,0.815715,-0.054227,0,1.379447,
10.140137,0.825531,-0.052428,0,1.346636,
10.150137,0.835238,-0.050622,0,1.315308,
10.160137,0.844838,-0.048809,0,1.285374,
10.170137,0.854332,-0.04699,0,1.256749,
10.180138,0.86372,-0.045165,0,1.229356,
10.190138,0.873005,-0.043335,0,1.203124,
10.200138,0.882187,-0.0415,0,1.177986,
10.210138,0.891267,-0.03966,0,1.153882,
10.220139,0.900246,-0.037816,0,1.130753,
10.230139,0.909126,-0.035967,0,1.108548,
10.240139,0.917906,-0.034115,0,1.087215,
10.250139,0.926589,-0.032259,0,1.06671,
10.260139,0.935175,-0.030399,0,1.046989,
10.27014,0.943664,-0.028536,0,1.028013,
10.28014,0.952058,-0.026671,0,1.009742,
10.29014,0.960358,-0.024803,0,0.992144,
10.30014,0.968565,-0.022932,0,0.975183,
10.310141,0.976678,-0.021059,0,0.958831,
10.320141,0.984699,-0.019184,0,0.943057,
10.330141,0.992629,-0.017308,0,0.927835,
10.340141,1.000468,-0.01543,0,0.913139,
10.350142,1.008217,-0.01355,0,0.898944,
10.360142,1.015877,-0.011669,0,0.885229,
10.370142,1.023449,-0.009788,0,0.871972,
10.380142,1.030932,-0.007905,0,0.859153,
10.390142,1.038328,-0.006022,0,0.846753,
10.400143,1.045638,-0.004138,0,0.834754,
10.410143,1.052861,-0.002254,0,0.823139,
10.420143,1.059999,-0.00037,0,0.811892,
10.430143,1.067052,0.001515,0,0.800998,
10.440144,1.074021,0.003399,0,0.790442,
10.450144,1.080906,0.005283,0,0.780212,
10.460144,1.087708,0.007166,0,0.770293,
10.470144,1.094427,0.009049,0,0.760675,
10.480145,1.101063,0.010932,0,0.751345,
10.490145,1.107618,0.012813,0,0.742292,
10.500145,1.114092,0.014694,0,0.733507,
10.510145,1.120485,0.016573,0,0.724978,
10.520145,1.126798,0.018452,0,0.716697,
10.530146,1.13303,0.020329,0,0.708654,
10.540146,1.139184,0.022204,0,0.700841,
10.550146,1.145258,0.024078,0,0.69325,
10.560146,1.151254,0.025951,0,0.685873,
10.570147,1.157172,0.027821,0,0.678703,
10.580147,1.163012,0.02969,0,0.671732,
10.590147,1.168774,0.031557,0,0.664954,
10.600147,1.17446,0.033421,0,0.658362,
10.610147,1.180069,0.035284,0,0.65195,
10.620148,1.185602,0.037144,0,0.645713,
10.630148,1.191059,0.039002,0,0.639644,
10.640148,1.196441,0.040857,0,0.633739,
10.650148,1.201747,0.04271,0,0.627992,
10.660149,1.206979,0.04456,0,0.622398,
10.670149,1.212136,0.046408,0,0.616952,
10.680149,1.217219,0.048253,0,0.611651,
10.690149,1.222229,0.050094,0,0.606489,
10.70015,1.227164,0.051933,0,0.601463,
10.71015,1.232027,0.053768,0,0.596568,
10.72015,1.236817,0.055601,0,0.591801,
10.73015,1.241534,0.05743,0,0.587158,
10.74015,1.246178,0.059256,0,0.582636,
10.750151,1.250751,0.061078,0,0.578231,
10.760151,1.255252,0.062897,0,0.57394,
10.770151,1.259681,0.064712,0,0.56976,
10.780151,1.264039,0.066524,0,0.565688,
10.790152,1.268326,0.068331,0,0.561721,
10.800152,1.272542,0.070135,0,0.557856,
10.810152,1.276688,0.071936,0,0.554091,
10.820152,1.280764,0.073732,0,0.550423,
10.830153,1.284769,0.075524,0,0.546849,
10.840153,1.288705,0.077312,0,0.543368,
10.850153,1.292571,0.079096,0,0.539977,
10.860153,1.296368,0.080875,0,0.536674,
10.870153,1.300095,0.082651,0,0.533457,
10.880154,1.303754,0.084422,0,0.530323,
10.890154,1.307344,0.086188,0,0.527271,
10.900154,1.310865,0.08795,0,0.5243,
10.910154,1.314318,0.089707,0,0.521406,
10.920155,1.317703,0.09146,0,0.518589,
10.930155,1.32102,0.093208,0,0.515846,
10.940155,1.324269,0.094951,0,0.513177,
10.950155,1.32745,0.09669,0,0.510579,
10.960155,1.330564,0.098423,0,0.508052,
10.970156,1.333611,0.100152,0,0.505593,
10.980156,1.336591,0.101875,0,0.503201,
10.990156,1.339503,0.103594,0,0.500876,
11.000156,1.342349,0.105307,0,0.498615,
11.010157,1.345128,0.107015,0,0.496417,
11.020157,1.347841,0.108717,0,0.494282,
11.030157,1.350487,0.110415,0,0.492208,
11.040157,1.353068,0.112107,0,0.490194,
11.050158,1.355582,0.113793,0,0.488239,
11.060158,1.35803,0.115474,0,0.486342,
11.070158,1.360412,0.117149,0,0.484501,
11.080158,1.362729,0.118819,0,0.482717,
11.090158,1.36498,0.120483,0,0.480988,
11.100159,1.367166,0.122141,0,0.479313,
11.110159,1.369287,0.123793,0,0.477691,
11.120159,1.371342,0.12544,0,0.476122,
11.130159,1.373332,0.12708,0,0.474605,
11.14016,1.375257,0.128714,0,0.473139,
11.15016,1.377118,0.130343,0,0.471723,
11.16016,1.378913,0.131965,0,0.470356,
11.17016,1.380644,0.133581,0,0.469039,
11.180161,1.382311,0.135191,0,0.46777,
11.190161,1.383912,0.136794,0,0.466549,
11.200161,1.38545,0.138392,0,0.465375,
11.210161,1.386923,0.139982,0,0.464247,
11.220161,1.388332,0.141567,0,0.463165,
11.230162,1.389676,0.143144,0,0.46213,
11.240162,1.390957,0.144715,0,0.461139,
11.250162,1.392174,0.14628,0,0.460192,
11.260162,1.393326,0.147837,0,0.45929,
11.270163,1.394415,0.149388,0,0.458432,
11.280163,1.39544,0.150933,0,0.457617,
11.290163,1.396401,0.15247,0,0.456845,
11.300163,1.397299,0.154,0,0.456116,
11.310163,1.398133,0.155523,0,0.455429,
11.320164,1.398903,0.157039,0,0.454784,
11.330164,1.39961,0.158548,0,0.454181,
11.340164,1.400253,0.16005,0,0.453619,
11.350164,1.400833,0.161545,0,0.453098,
11.360165,1.401349,0.163032,0,0.452619,
11.370165,1.401802,0.164512,0,0.45218,
11.380165,1.402192,0.165984,0,0.451781,
11.390165,1.402518,0.167449,0,0.451423,
11.400166,1.402782,0.168907,0,0.451106,
11.410166,1.402982,0.170357,0,0.450828,
11.420166,1.403118,0.171799,0,0.450591,
11.430166,1.403192,0.173233,0,0.450393,
11.440166,1.403202,0.17466,0,0.450235,
11.450167,1.403149,0.176078,0,0.450116,
11.460167,1.403033,0.177489,0,0.450038,
11.470167,1.402854,0.178892,0,0.449999,
11.480167,1.402612,0.180287,0,0.449999,
11.490168,1.402307,0.181674,0,0.45004,
11.500168,1.401938,0.183052,0,0.450119,
11.510168,1.401507,0.184422,0,0.450239,
11.520168,1.401012,0.185784,0,0.450398,
11.530169,1.400454,0.187138,0,0.450597,
11.540169,1.399833,0.188483,0,0.450836,
11.550169,1.399149,0.18982,0,0.451115,
11.560169,1.398402,0.191148,0,0.451433,
11.570169,1.397591,0.192467,0,0.451793,
11.58017,1.396718,0.193778,0,0.452192,
11.59017,1.395781,0.19508,0,0.452632,
11.60017,1.394781,0.196373,0,0.453113,
11.61017,1.393717,0.197657,0,0.453635,
11.620171,1.392591,0.198932,0,0.454198,
11.630171,1.3914,0.200198,0,0.454802,
11.640171,1.390147,0.201455,0,0.455448,
11.650171,1.38883,0.202703,0,0.456137,
11.660172,1.38745,0.203942,0,0.456867,
11.670172,1.386006,0.205171,0,0.45764,
11.680172,1.384499,0.206391,0,0.458457,
11.690172,1.382928,0.207601,0,0.459316,
11.700172,1.381293,0.208802,0,0.46022,
11.710173,1.379595,0.209993,0,0.461167,
11.720173,1.377833,0.211175,0,0.462159,
11.730173,1.376007,0.212347,0,0.463197,
11.740173,1.374118,0.213508,0,0.46428,
11.750174,1.372164,0.21466,0,0.465408,
11.760174,1.370146,0.215802,0,0.466584,
11.770174,1.368064,0.216934,0,0.467807,
11.780174,1.365918,0.218056,0,0.469077,
11.790174,1.363708,0.219167,0,0.470396,
11.800175,1.361434,0.220268,0,0.471764,
11.810175,1.359095,0.221359,0,0.473181,
11.820175,1.356691,0.222439,0,0.474649,
11.830175,1.354223,0.223508,0,0.476168,
11.840176,1.35169,0.224567,0,0.477738,
11.850176,1.349093,0.225615,0,0.479362,
11.860176,1.34643,0.226652,0,0.481038,
11.870176,1.343703,0.227679,0,0.482769,
11.880177,1.34091,0.228694,0,0.484555,
11.890177,1.338052,0.229698,0,0.486397,
11.900177,1.335129,0.230691,0,0.488296,
11.910177,1.332141,0.231673,0,0.490253,
11.920177,1.329087,0.232643,0,0.492268,
11.930178,1.325967,0.233601,0,0.494344,
11.940178,1.322781,0.234548,0,0.496481,
11.950178,1.319529,0.235484,0,0.498681,
11.960178,1.316212,0.236407,0,0.500943,
11.970179,1.312828,0.237319,0,0.503271,
11.980179,1.309377,0.238219,0,0.505664,
11.990179,1.30586,0.239106,0,0.508125,
12.000179,1.302277,0.239982,0,0.510655,
12.01018,1.298626,0.240845,0,0.513255,
12.02018,1.294909,0.241696,0,0.515926,
12.03018,1.291124,0.242534,0,0.51867,
12.04018,1.287272,0.243359,0,0.52149,
12.05018,1.283353,0.244172,0,0.524386,
12.060181,1.279366,0.244972,0,0.52736,
12.070181,1.275311,0.245758,0,0.530414,
12.080181,1.271188,0.246532,0,0.53355,
12.090181,1.266997,0.247293,0,0.53677,
12.100182,1.262737,0.24804,0,0.540075,
12.110182,1.258408,0.248773,0,0.543469,
12.120182,1.254011,0.249493,0,0.546953,
12.130182,1.249545,0.2502,0,0.550529,
12.140182,1.24501,0.250892,0,0.5542,
12.150183,1.240405,0.251571,0,0.557968,
12.160183,1.23573,0.252235,0,0.561836,
12.170183,1.230986,0.252885,0,0.565806,
12.180183,1.226171,0.253521,0,0.569881,
12.190184,1.221286,0.254142,0,0.574064,
12.200184,1.21633,0.254748,0,0.578359,
12.210184,1.211304,0.255339,0,0.582767,
12.220184,1.206206,0.255916,0,0.587293,
12.230185,1.201037,0.256477,0,0.591939,
12.240185,1.195796,0.257023,0,0.59671,
12.250185,1.190483,0.257554,0,0.601609,
12.260185,1.185098,0.258069,0,0.606639,
12.270185,1.179641,0.258568,0,0.611805,
12.280186,1.174111,0.259051,0,0.61711,
12.290186,1.168507,0.259519,0,0.62256,
12.300186,1.162831,0.259969,0,0.628158,
12.310186,1.15708,0.260404,0,0.63391,
12.320187,1.151256,0.260821,0,0.63982,
12.330187,1.145357,0.261222,0,0.645894,
12.340187,1.139383,0.261606,0,0.652136,
12.350187,1.133335,0.261973,0,0.658553,
12.360188,1.127211,0.262322,0,0.66515,
12.370188,1.121011,0.262653,0,0.671934,
12.380188,1.114735,0.262967,0,0.678911,
12.390188,1.108383,0.263263,0,0.686087,
12.400188,1.101954,0.26354,0,0.69347,
12.410189,1.095448,0.263799,0,0.701068,
12.420189,1.088863,0.264039,0,0.708887,
12.430189,1.082201,0.26426,0,0.716937,
12.440189,1.075461,0.264462,0,0.725226,
12.45019,1.068641,0.264645,0,0.733762,
12.46019,1.061742,0.264808,0,0.742555,
12.47019,1.054764,0.264951,0,0.751616,
12.48019,1.047705,0.265074,0,0.760954,
12.490191,1.040565,0.265177,0,0.770581,
12.500191,1.033344,0.265259,0,0.780508,
12.510191,1.026042,0.26532,0,0.790748,
12.520191,1.018657,0.265359,0,0.801313,
12.530191,1.011189,0.265377,0,0.812218,
12.540192,1.003639,0.265373,0,0.823475,
12.550192,0.996004,0.265348,0,0.835101,
12.560192,0.988285,0.265299,0,0.847112,
12.570192,0.980481,0.265228,0,0.859524,
12.580193,0.972592,0.265134,0,0.872356,
12.590193,0.964616,0.265016,0,0.885626,
12.600193,0.956554,0.264874,0,0.899355,
12.610193,0.948404,0.264708,0,0.913564,
12.620193,0.940166,0.264518,0,0.928275,
12.630194,0.93184,0.264302,0,0.943513,
12.640194,0.923424,0.264062,0,0.959304,
12.650194,0.914918,0.263795,0,0.975673,
12.660194,0.906321,0.263502,0,0.992652,
12.670195,0.897632,0.263183,0,1.01027,
12.680195,0.888852,0.262837,0,1.02856,
12.690195,0.879978,0.262463,0,1.047558,
12.700195,0.87101,0.262061,0,1.067302,
12.710196,0.861948,0.26163,0,1.087831,
12.720196,0.85279,0.261171,0,1.109188,
12.730196,0.843535,0.260682,0,1.13142,
12.740196,0.834183,0.260163,0,1.154577,
12.750196,0.824733,0.259613,0,1.178711,
12.760197,0.815183,0.259032,0,1.203879,
12.770197,0.805533,0.258419,0,1.230144,
12.780197,0.795782,0.257774,0,1.257572,
12.790197,0.785929,0.257095,0,1.286235,
12.800198,0.775972,0.256383,0,1.316209,
12.810198,0.76591,0.255636,0,1.347579,
12.820198,0.755743,0.254853,0,1.380435,
12.830198,0.745469,0.254035,0,1.414876,
12.840199,0.735087,0.25318,0,1.45101,
12.850199,0.724595,0.252287,0,1.488951,
12.860199,0.713992,0.251356,0,1.528827,
12.870199,0.703278,0.250385,0,1.570778,
12.880199,0.692449,0.249373,0,1.614953,
12.8902,0.681506,0.248321,0,1.661519,
12.9002,0.670446,0.247225,0,1.710658,
12.9102,0.659268,0.246087,0,1.76257,
12.9202,0.64797,0.244903,0,1.817475,
12.930201,0.63655,0.243674,0,1.875616,
12.940201,0.625008,0.242397,0,1.937262,
12.950201,0.61334,0.241072,0,2.002712,
12.960201,0.601545,0.239696,0,2.072295,
12.970201,0.58962,0.23827,0,2.146382,
12.980202,0.577565,0.23679,0,2.225383,
12.990202,0.565376,0.235256,0,2.30976,
13.000202,0.553052,0.233665,0,2.400028,
13.010202,0.540589,0.232016,0,2.496771,
13.020203,0.527986,0.230306,0,2.600645,
13.030203,0.51524,0.228534,0,2.712394,
13.040203,0.502347,0.226698,0,2.832862,
13.050203,0.489306,0.224794,0,2.963014,
13.060204,0.476113,0.22282,0,3.103953,
13.070204,0.462765,0.220774,0,3.256945,
13.080204,0.449259,0.218652,0,3.423451,
13.090204,0.43559,0.216451,0,3.605163,
13.100204,0.421756,0.214168,0,3.804051,
13.110205,0.407752,0.211799,0,4.022416,
13.120205,0.393574,0.20934,0,4.262966,
13.130205,0.379218,0.206786,0,4.528895,
13.140205,0.36468,0.204132,0,4.824007,
13.150206,0.349953,0.201373,0,5.152841,
13.160206,0.335033,0.198502,0,5.520867,
13.170206,0.319914,0.195514,0,5.934713,
13.180206,0.30459,0.192401,0,6.402472,
13.190207,0.289056,0.189154,0,6.9341,
13.200207,0.273303,0.185765,0,7.541962,
13.210207,0.257325,0.182222,0,8.241543,
13.220207,0.241114,0.178515,0,9.052427,
13.230207,0.224661,0.174629,0,9.99964,
13.240208,0.20796,0.170549,0,11.115509,
13.250208,0.190999,0.166256,0,12.442275,
13.260208,0.17377,0.161731,0,14.035789,
13.270208,0.156264,0.156947,0,15.970765,
13.280209,0.138471,0.151875,0,18.34833,
13.290209,0.120383,0.14648,0,21.306679,
13.300209,0.101994,0.140717,0,25.035906,
13.310209,0.083301,0.134536,0,29.797266,
13.32021,0.064308,0.127871,0,35.944107,
13.33021,0.045033,0.120644,0,43.931515,
13.34021,0.025513,0.112762,0,54.272785,
13.35021,0.005822,0.104121,0,67.33374,
13.36021,-0.013918,0.094619,0,82.75737,
13.370211,-0.03352,0.084185,0,98.398949,
13.380211,-0.052756,0.072829,0,109.611946,
13.390211,-0.071404,0.060662,0,111.286804,
13.400211,-0.08932,0.047873,0,102.524551,
13.410212,-0.106453,0.034665,0,87.634926,
13.420212,-0.122822,0.021208,0,71.805161,
13.430212,-0.138479,0.007628,0,57.933681,
13.440212,-0.153489,-0.005988,0,46.790428,
13.450212,-0.167913,-0.019581,0,38.144249,
13.460213,-0.181808,-0.033112,0,31.49268,
13.470213,-0.195224,-0.046556,0,26.353945,
13.480213,-0.208203,-0.059896,0,22.343704,
13.490213,-0.220784,-0.073122,0,19.174932,
13.500214,-0.232997,-0.086225,0,16.638208,
13.510214,-0.244871,-0.099203,0,14.581397,
13.520214,-0.256428,-0.112053,0,12.893454,
13.530214,-0.267691,-0.124774,0,11.492587,
13.540215,-0.278678,-0.137366,0,10.31788,
13.550215,-0.289405,-0.14983,0,9.323424,
13.560215,-0.299887,-0.162168,0,8.47421,
13.570215,-0.310137,-0.174379,0,7.743227,
13.580215,-0.320166,-0.186467,0,7.109403,
13.590216,-0.329985,-0.198433,0,6.556131,
13.600216,-0.339604,-0.210278,0,6.07019,
13.610216,-0.349031,-0.222004,0,5.640957,
13.620216,-0.358275,-0.233614,0,5.259822,
13.630217,-0.367342,-0.245109,0,4.919749,
13.640217,-0.37624,-0.25649,0,4.614949,
13.650217,-0.384975,-0.26776,0,4.340618,
13.660217,-0.393552,-0.278921,0,4.092749,
13.670218,-0.401976,-0.289974,0,3.867975,
13.680218,-0.410254,-0.300921,0,3.663451,
13.690218,-0.418389,-0.311762,0,3.476763,
13.700218,-0.426385,-0.322501,0,3.305844,
13.710218,-0.434248,-0.333139,0,3.148926,
13.720219,-0.44198,-0.343676,0,3.004481,
13.730219,-0.449585,-0.354114,0,2.871187,
13.740219,-0.457066,-0.364456,0,2.747895,
13.750219,-0.464427,-0.374701,0,2.633601,
13.76022,-0.471671,-0.384852,0,2.527427,
13.77022,-0.4788,-0.394909,0,2.428599,
13.78022,-0.485817,-0.404874,0,2.336435,
13.79022,-0.492725,-0.414747,0,2.250332,
13.80022,-0.499526,-0.424531,0,2.169755,
13.810221,-0.506223,-0.434226,0,2.094227,
13.820221,-0.512817,-0.443833,0,2.02332,
13.830221,-0.51931,-0.453353,0,1.956656,
13.840221,-0.525705,-0.462787,0,1.893892,
13.850222,-0.532004,-0.472137,0,1.834719,
13.860222,-0.538208,-0.481402,0,1.778862,
13.870222,-0.54432,-0.490584,0,1.726068,
13.880222,-0.55034,-0.499684,0,1.676112,
13.890223,-0.55627,-0.508703,0,1.628787,
13.900223,-0.562113,-0.517641,0,1.583906,
13.910223,-0.567868,-0.526499,0,1.541299,
13.920223,-0.573539,-0.535279,0,1.50081,
13.930223,-0.579125,-0.54398,0,1.462297,
13.940224,-0.584629,-0.552603,0,1.425629,
13.950224,-0.590052,-0.56115,0,1.390688,
13.960224,-0.595395,-0.56962,0,1.357363,
13.970224,-0.600658,-0.578015,0,1.325553,
13.980225,-0.605844,-0.586335,0,1.295165,
13.990225,-0.610953,-0.594581,0,1.266114,
14.000225,-0.615987,-0.602753,0,1.23832,
14.010225,-0.620946,-0.610853,0,1.21171,
14.020226,-0.625831,-0.618879,0,1.186217,
14.030226,-0.630644,-0.626834,0,1.161775,
14.040226,-0.635384,-0.634718,0,1.138329,
14.050226,-0.640054,-0.64253,0,1.115822,
14.060226,-0.644654,-0.650273,0,1.094205,
14.070227,-0.649185,-0.657945,0,1.07343,
14.080227,-0.653647,-0.665548,0,1.053454,
14.090227,-0.658042,-0.673083,0,1.034234,
14.100227,-0.662369,-0.680549,0,1.015733,
14.110228,-0.666631,-0.687947,0,0.997916,
14.120228,-0.670827,-0.695278,0,0.980747,
14.130228,-0.674959,-0.702541,0,0.964196,
14.140228,-0.679027,-0.709738,0,0.948233,
14.150229,-0.683031,-0.716869,0,0.93283,
14.160229,-0.686973,-0.723934,0,0.917962,
14.170229,-0.690852,-0.730934,0,0.903604,
14.180229,-0.69467,-0.737868,0,0.889732,
14.190229,-0.698427,-0.744738,0,0.876325,
14.20023,-0.702124,-0.751543,0,0.863363,
14.21023,-0.705761,-0.758285,0,0.850826,
14.22023,-0.709339,-0.764963,0,0.838695,
14.23023,-0.712859,-0.771578,0,0.826954,
14.240231,-0.71632,-0.77813,0,0.815587,
14.250231,-0.719723,-0.784619,0,0.804577,
14.260231,-0.72307,-0.791046,0,0.793911,
14.270231,-0.726359,-0.797411,0,0.783574,
14.280231,-0.729593,-0.803714,0,0.773553,
14.290232,-0.732771,-0.809956,0,0.763837,
14.300232,-0.735893,-0.816137,0,0.754412,
14.310232,-0.738961,-0.822257,0,0.745269,
14.320232,-0.741974,-0.828316,0,0.736396,
14.330233,-0.744933,-0.834315,0,0.727783,
14.340233,-0.747839,-0.840254,0,0.71942,
14.350233,-0.750691,-0.846134,0,0.711299,
14.360233,-0.753491,-0.851954,0,0.703411,
14.370234,-0.756238,-0.857714,0,0.695747,
14.380234,-0.758934,-0.863416,0,0.6883,
14.390234,-0.761577,-0.869058,0,0.681062,
14.400234,-0.764169,-0.874642,0,0.674025,
14.410234,-0.76671,-0.880168,0,0.667184,
14.420235,-0.769201,-0.885636,0,0.660531,
14.430235,-0.771641,-0.891046,0,0.65406,
14.440235,-0.774031,-0.896397,0,0.647765,
14.450235,-0.776372,-0.901692,0,0.641641,
14.460236,-0.778663,-0.906929,0,0.635682,
14.470236,-0.780905,-0.912109,0,0.629883,
14.480236,-0.783099,-0.917232,0,0.624239,
14.490236,-0.785244,-0.922298,0,0.618744,
14.500237,-0.787341,-0.927308,0,0.613396,
14.510237,-0.78939,-0.932262,0,0.608188,
14.520237,-0.791391,-0.937159,0,0.603117,
14.530237,-0.793345,-0.942,0,0.598179,
14.540237,-0.795252,-0.946785,0,0.59337,
14.550238,-0.797112,-0.951514,0,0.588686,
14.560238,-0.798925,-0.956188,0,0.584125,
14.570238,-0.800693,-0.960807,0,0.579681,
14.580238,-0.802414,-0.96537,0,0.575353,
14.590239,-0.804089,-0.969878,0,0.571136,
14.600239,-0.805719,-0.974331,0,0.567028,
14.610239,-0.807303,-0.978729,0,0.563027,
14.620239,-0.808842,-0.983073,0,0.559128,
14.630239,-0.810337,-0.987361,0,0.55533,
14.64024,-0.811786,-0.991596,0,0.55163,
14.65024,-0.813191,-0.995776,0,0.548026,
14.66024,-0.814552,-0.999902,0,0.544514,
14.67024,-0.815869,-1.003973,0,0.541093,
14.680241,-0.817142,-1.007991,0,0.537761,
14.690241,-0.818371,-1.011955,0,0.534516,
14.700241,-0.819557,-1.015865,0,0.531355,
14.710241,-0.820699,-1.019721,0,0.528276,
14.720242,-0.821799,-1.023524,0,0.525278,
14.730242,-0.822855,-1.027274,0,0.522358,
14.740242,-0.823869,-1.03097,0,0.519516,
14.750242,-0.82484,-1.034612,0,0.516749,
14.760242,-0.825768,-1.038202,0,0.514056,
14.770243,-0.826655,-1.041738,0,0.511434,
14.780243,-0.827499,-1.045222,0,0.508884,
14.790243,-0.828302,-1.048652,0,0.506402,
14.800243,-0.829062,-1.05203,0,0.503988,
14.810244,-0.829782,-1.055355,0,0.501641,
14.820244,-0.830459,-1.058627,0,0.499359,
14.830244,-0.831096,-1.061847,0,0.49714,
14.840244,-0.831691,-1.065014,0,0.494985,
14.850245,-0.832245,-1.068128,0,0.49289,
14.860245,-0.832759,-1.07119,0,0.490856,
14.870245,-0.833231,-1.0742,0,0.488882,
14.880245,-0.833664,-1.077157,0,0.486966,
14.890245,-0.834055,-1.080062,0,0.485107,
14.900246,-0.834407,-1.082915,0,0.483304,
14.910246,-0.834718,-1.085716,0,0.481556,
14.920246,-0.834989,-1.088465,0,0.479863,
14.930246,-0.83522,-1.091161,0,0.478224,
14.940247,-0.835412,-1.093806,0,0.476638,
14.950247,-0.835563,-1.096399,0,0.475103,
14.960247,-0.835675,-1.09894,0,0.47362,
14.970247,-0.835748,-1.101428,0,0.472188,
14.980247,-0.835781,-1.103865,0,0.470805,
14.990248,-0.835776,-1.106251,0,0.469471,
15.000248,-0.835731,-1.108584,0,0.468186,
15.010248,-0.835647,-1.110866,0,0.466949,
15.020248,-0.835524,-1.113096,0,0.46576,
15.030249,-0.835362,-1.115274,0,0.464617,
15.040249,-0.835161,-1.1174,0,0.46352,
15.050249,-0.834922,-1.119475,0,0.462469,
15.060249,-0.834644,-1.121498,0,0.461463,
15.07025,-0.834328,-1.12347,0,0.460502,
15.08025,-0.833974,-1.125389,0,0.459585,
15.09025,-0.833581,-1.127258,0,0.458712,
15.10025,-0.83315,-1.129074,0,0.457883,
15.11025,-0.832681,-1.130839,0,0.457097,
15.120251,-0.832174,-1.132553,0,0.456353,
15.130251,-0.83163,-1.134215,0,0.455652,
15.140251,-0.831047,-1.135825,0,0.454993,
15.150251,-0.830426,-1.137383,0,0.454376,
15.160252,-0.829768,-1.13889,0,0.453801,
15.170252,-0.829073,-1.140345,0,0.453267,
15.180252,-0.828339,-1.141749,0,0.452773,
15.190252,-0.827568,-1.143101,0,0.452321,
15.200253,-0.82676,-1.144402,0,0.451909,
15.210253,-0.825915,-1.14565,0,0.451538,
15.220253,-0.825032,-1.146847,0,0.451207,
15.230253,-0.824112,-1.147993,0,0.450916,
15.240253,-0.823155,-1.149086,0,0.450665,
15.250254,-0.822161,-1.150128,0,0.450454,
15.260254,-0.82113,-1.151118,0,0.450283,
15.270254,-0.820061,-1.152056,0,0.450152,
15.280254,-0.818956,-1.152943,0,0.45006,
15.290255,-0.817814,-1.153777,0,0.450008,
15.300255,-0.816636,-1.15456,0,0.449995,
15.310255,-0.81542,-1.15529,0,0.450022,
15.320255,-0.814168,-1.155969,0,0.450089,
15.330256,-0.812879,-1.156596,0,0.450195,
15.340256,-0.811554,-1.15717,0,0.450341,
15.350256,-0.810192,-1.157692,0,0.450527,
15.360256,-0.808793,-1.158163,0,0.450752,
15.370256,-0.807358,-1.158581,0,0.451018,
15.380257,-0.805887,-1.158946,0,0.451323,
15.390257,-0.804379,-1.159259,0,0.451669,
15.400257,-0.802835,-1.15952,0,0.452055,
15.410257,-0.801254,-1.159729,0,0.452482,
15.420258,-0.799637,-1.159885,0,0.452949,
15.430258,-0.797984,-1.159988,0,0.453457,
15.440258,-0.796295,-1.160039,0,0.454006,
15.450258,-0.79457,-1.160037,0,0.454597,
15.460258,-0.792808,-1.159982,0,0.455229,
15.470259,-0.79101,-1.159874,0,0.455904,
15.480259,-0.789176,-1.159713,0,0.45662,
15.490259,-0.787306,-1.159499,0,0.457379,
15.500259,-0.7854,-1.159232,0,0.458181,
15.51026,-0.783458,-1.158912,0,0.459026,
15.52026,-0.78148,-1.158539,0,0.459915,
15.53026,-0.779465,-1.158112,0,0.460848,
15.54026,-0.777415,-1.157632,0,0.461825,
15.550261,-0.775329,-1.157098,0,0.462847,
15.560261,-0.773207,-1.15651,0,0.463915,
15.570261,-0.771049,-1.155869,0,0.465029,
15.580261,-0.768855,-1.155174,0,0.466189,
15.590261,-0.766625,-1.154425,0,0.467396,
15.600262,-0.764359,-1.153621,0,0.46865,
15.610262,-0.762057,-1.152764,0,0.469953,
15.620262,-0.759719,-1.151852,0,0.471304,
15.630262,-0.757345,-1.150885,0,0.472705,
15.640263,-0.754936,-1.149865,0,0.474156,
15.650263,-0.75249,-1.148789,0,0.475658,
15.660263,-0.750009,-1.147658,0,0.477211,
15.670263,-0.747491,-1.146473,0,0.478817,
15.680264,-0.744938,-1.145233,0,0.480476,
15.690264,-0.742349,-1.143937,0,0.482188,
15.700264,-0.739724,-1.142586,0,0.483956,
15.710264,-0.737063,-1.141179,0,0.485779,
15.720264,-0.734366,-1.139717,0,0.487659,
15.730265,-0.731633,-1.138199,0,0.489596,
15.740265,-0.728864,-1.136625,0,0.491593,
15.750265,-0.726059,-1.134995,0,0.493648,
15.760265,-0.723219,-1.133309,0,0.495765,
15.770266,-0.720342,-1.131566,0,0.497944,
15.780266,-0.717429,-1.129767,0,0.500185,
15.790266,-0.71448,-1.127911,0,0.502491,
15.800266,-0.711495,-1.125998,0,0.504862,
15.810266,-0.708474,-1.124027,0,0.507301,
15.820267,-0.705416,-1.122,0,0.509807,
15.830267,-0.702323,-1.119915,0,0.512384,
15.840267,-0.699194,-1.117772,0,0.515031,
15.850267,-0.696028,-1.115572,0,0.517751,
15.860268,-0.692826,-1.113313,0,0.520546,
15.870268,-0.689588,-1.110996,0,0.523416,
15.880268,-0.686313,-1.108621,0,0.526364,
15.890268,-0.683002,-1.106187,0,0.529391,
15.900269,-0.679655,-1.103694,0,0.5325,
15.910269,-0.676271,-1.101142,0,0.535692,
15.920269,-0.672851,-1.098531,0,0.538969,
15.930269,-0.669395,-1.09586,0,0.542333,
15.940269,-0.665901,-1.093129,0,0.545786,
15.95027,-0.662372,-1.090338,0,0.549331,
15.96027,-0.658805,-1.087487,0,0.552971,
15.97027,-0.655202,-1.084575,0,0.556706,
15.98027,-0.651563,-1.081603,0,0.56054,
15.990271,-0.647886,-1.078569,0,0.564476,
16.000271,-0.644173,-1.075474,0,0.568516,
16.010271,-0.640423,-1.072318,0,0.572664,
16.020271,-0.636635,-1.069099,0,0.576921,
16.030272,-0.632811,-1.065819,0,0.581291,
16.040272,-0.62895,-1.062476,0,0.585777,
16.050272,-0.625052,-1.059071,0,0.590383,
16.060272,-0.621116,-1.055602,0,0.595112,
16.070272,-0.617143,-1.05207,0,0.599968,
16.080273,-0.613133,-1.048474,0,0.604954,
16.090273,-0.609085,-1.044815,0,0.610074,
16.100273,-0.605,-1.041091,0,0.615333,
16.110273,-0.600878,-1.037302,0,0.620734,
16.120274,-0.596717,-1.033449,0,0.626283,
16.130274,-0.592519,-1.02953,0,0.631983,
16.140274,-0.588284,-1.025546,0,0.63784,
16.150274,-0.58401,-1.021495,0,0.643859,
16.160275,-0.579698,-1.017378,0,0.650045,
16.170275,-0.575349,-1.013195,0,0.656403,
16.180275,-0.570961,-1.008944,0,0.66294,
16.190275,-0.566535,-1.004626,0,0.669661,
16.200275,-0.562071,-1.000239,0,0.676572,
16.210276,-0.557568,-0.995785,0,0.683682,
16.220276,-0.553026,-0.991261,0,0.690995,
16.230276,-0.548446,-0.986668,0,0.698521,
16.240276,-0.543828,-0.982006,0,0.706266,
16.250277,-0.53917,-0.977273,0,0.714238,
16.260277,-0.534474,-0.97247,0,0.722446,
16.270277,-0.529738,-0.967596,0,0.730899,
16.280277,-0.524963,-0.96265,0,0.739606,
16.290277,-0.520149,-0.957632,0,0.748577,
16.300278,-0.515296,-0.952541,0,0.757822,
16.310278,-0.510403,-0.947378,0,0.767352,
16.320278,-0.50547,-0.942141,0,0.777178,
16.330278,-0.500498,-0.936829,0,0.787313,
16.340279,-0.495486,-0.931443,0,0.797768,
16.350279,-0.490433,-0.925982,0,0.808558,
16.360279,-0.48534,-0.920444,0,0.819697,
16.370279,-0.480208,-0.91483,0,0.831199,
16.38028,-0.475034,-0.909139,0,0.84308,
16.39028,-0.46982,-0.903371,0,0.855357,
16.40028,-0.464565,-0.897524,0,0.868048,
16.41028,-0.459269,-0.891597,0,0.88117,
16.42028,-0.453932,-0.885591,0,0.894744,
16.430281,-0.448554,-0.879505,0,0.908791,
16.440281,-0.443135,-0.873337,0,0.923333,
16.450281,-0.437673,-0.867087,0,0.938393,
16.460281,-0.432171,-0.860755,0,0.953998,
16.470282,-0.426626,-0.854339,0,0.970172,
16.480282,-0.421039,-0.847839,0,0.986945,
16.490282,-0.415409,-0.841254,0,1.004347,
16.500282,-0.409738,-0.834582,0,1.022411,
16.510283,-0.404023,-0.827824,0,1.04117,
16.520283,-0.398266,-0.820978,0,1.060661,
16.530283,-0.392466,-0.814043,0,1.080924,
16.540283,-0.386622,-0.807019,0,1.102002,
16.550283,-0.380735,-0.799903,0,1.123938,
16.560284,-0.374805,-0.792696,0,1.146782,
16.570284,-0.36883,-0.785397,0,1.170585,
16.580284,-0.362812,-0.778003,0,1.195404,
16.590284,-0.356749,-0.770514,0,1.221298,
16.600285,-0.350641,-0.762929,0,1.248332,
16.610285,-0.344489,-0.755247,0,1.276576,
16.620285,-0.338292,-0.747466,0,1.306106,
16.630285,-0.332049,-0.739586,0,1.337003,
16.640285,-0.325762,-0.731604,0,1.369355,
16.650286,-0.319428,-0.723519,0,1.403259,
16.660286,-0.313048,-0.71533,0,1.438818,
16.670286,-0.306623,-0.707035,0,1.476145,
16.680286,-0.30015,-0.698634,0,1.515364,
16.690287,-0.293631,-0.690123,0,1.55661,
16.700287,-0.287065,-0.681503,0,1.600029,
16.710287,-0.280452,-0.67277,0,1.645782,
16.720287,-0.273792,-0.663923,0,1.694045,
16.730288,-0.267083,-0.65496,0,1.745013,
16.740288,-0.260327,-0.64588,0,1.798898,
16.750288,-0.253522,-0.636679,0,1.855936,
16.760288,-0.246668,-0.627357,0,1.916387,
16.770288,-0.239766,-0.61791,0,1.980539,
16.780289,-0.232815,-0.608337,0,2.048711,
16.790289,-0.225814,-0.598634,0,2.12126,
16.800289,-0.218763,-0.5888,0,2.198581,
16.810289,-0.211663,-0.578832,0,2.281118,
16.82029,-0.204513,-0.568727,0,2.369369,
16.83029,-0.197312,-0.558481,0,2.463893,
16.84029,-0.19006,-0.548092,0,2.565322,
16.85029,-0.182758,-0.537557,0,2.674368,
16.860291,-0.175404,-0.526872,0,2.79184,
16.870291,-0.168,-0.516032,0,2.918662,
16.880291,-0.160544,-0.505035,0,3.055888,
16.890291,-0.153037,-0.493877,0,3.204726,
16.900291,-0.145478,-0.482552,0,3.36657,
16.910292,-0.137867,-0.471056,0,3.54303,
16.920292,-0.130206,-0.459384,0,3.735977,
16.930292,-0.122492,-0.44753,0,3.947597,
16.940292,-0.114728,-0.43549,0,4.180452,
16.950293,-0.106912,-0.423256,0,4.437566,
16.960293,-0.099046,-0.410823,0,4.722525,
16.970293,-0.091131,-0.398182,0,5.039607,
16.980293,-0.083166,-0.385327,0,5.39395,
16.990294,-0.075153,-0.372248,0,5.791764,
17.000294,-0.067092,-0.358937,0,6.24062,
17.010294,-0.058987,-0.345384,0,6.749803,
17.020294,-0.050839,-0.331578,0,7.330808,
17.030294,-0.042649,-0.317506,0,7.997991,
17.040295,-0.034423,-0.303156,0,8.769444,
17.050295,-0.026163,-0.288513,0,9.668213,
17.060295,-0.017875,-0.273561,0,10.723954,
17.070295,-0.009565,-0.258281,0,11.975266,
17.080296,-0.001243,-0.242652,0,13.472988,
17.090296,0.007081,-0.226654,0,15.284866,
17.100296,0.015393,-0.210258,0,17.502245,
17.110296,0.023673,-0.193437,0,20.249598,
17.120296,0.031898,-0.176157,0,23.697855,
17.130297,0.040033,-0.158382,0,28.082285,
17.140297,0.048033,-0.140074,0,33.723568,
17.150297,0.055836,-0.12119,0,41.043839,
17.160297,0.063356,-0.101694,0,50.548584,
17.170298,0.070479,-0.08156,0,62.693039,
17.180298,0.077057,-0.060795,0,77.456444,
17.190298,0.082914,-0.039462,0,93.421295,
17.200298,0.087887,-0.017707,0,106.736122,
17.210299,0.091875,0.004246,0,111.973,
17.220299,0.094886,0.026153,0,106.394089,
17.230299,0.097016,0.047818,0,92.903923,
17.240299,0.098399,0.069115,0,76.931999,
17.250299,0.099169,0.089982,0,62.244026,
17.2603,0.099442,0.110397,0,50.191654,
17.2703,0.09931,0.130361,0,40.767933,
17.2803,0.098844,0.14989,0,33.511387,
17.2903,0.098103,0.168999,0,27.918158,
17.300301,0.097131,0.18771,0,23.569517,
17.310301,0.095962,0.206043,0,20.147961,
17.320301,0.094627,0.224018,0,17.420704,
17.330301,0.093147,0.241651,0,15.21861,
17.340302,0.091543,0.25896,0,13.418506,
17.350302,0.089829,0.27596,0,11.929967,
17.360302,0.08802,0.292665,0,10.685905,
17.370302,0.086125,0.309088,0,9.635954,
17.380302,0.084156,0.325241,0,8.741858,
17.390303,0.082119,0.341134,0,7.974214,
17.400303,0.080022,0.356779,0,7.310168,
17.410303,0.077871,0.372183,0,6.731767,
17.420303,0.075672,0.387355,0,6.224764,
17.430304,0.073429,0.402303,0,5.777747,
17.440304,0.071147,0.417035,0,5.381492,
17.450304,0.068829,0.431558,0,5.028483,
17.460304,0.066478,0.445877,0,4.712548,
17.470304,0.064098,0.459998,0,4.428582,
17.480305,0.061691,0.473928,0,4.172329,
17.490305,0.05926,0.487671,0,3.940227,
17.500305,0.056807,0.501231,0,3.729267,
17.510305,0.054333,0.514615,0,3.536901,
17.520306,0.051842,0.527826,0,3.360957,
17.530306,0.049334,0.540868,0,3.19957,
17.540306,0.04681,0.553745,0,3.05114,
17.550306,0.044273,0.56646,0,2.914279,
17.560307,0.041724,0.579017,0,2.787785,
17.570307,0.039164,0.59142,0,2.670606,
17.580307,0.036593,0.603672,0,2.561826,
17.590307,0.034014,0.615775,0,2.460639,
17.600307,0.031427,0.627732,0,2.366333,
17.610308,0.028832,0.639546,0,2.278281,
17.620308,0.026231,0.651219,0,2.195925,
17.630308,0.023625,0.662755,0,2.11877,
17.640308,0.021013,0.674155,0,2.046373,
17.650309,0.018398,0.685422,0,1.97834,
17.660309,0.015779,0.696557,0,1.914317,
17.670309,0.013157,0.707564,0,1.853984,
17.680309,0.010533,0.718443,0,1.797055,
17.69031,0.007906,0.729197,0,1.74327,
17.70031,0.005279,0.739827,0,1.692396,
17.71031,0.002651,0.750336,0,1.644219,
17.72031,0.000022,0.760725,0,1.598546,
17.73031,-0.002607,0.770996,0,1.555202,
17.740311,-0.005235,0.78115,0,1.514027,
17.750311,-0.007863,0.791188,0,1.474872,
17.760311,-0.010489,0.801113,0,1.437606,
17.770311,-0.013114,0.810926,0,1.402104,
17.780312,-0.015737,0.820628,0,1.368254,
17.790312,-0.018359,0.83022,0,1.335951,
17.800312,-0.020977,0.839703,0,1.305101,
17.810312,-0.023593,0.84908,0,1.275616,
17.820313,-0.026206,0.858351,0,1.247413,
17.830313,-0.028816,0.867516,0,1.220418,
17.840313,-0.031423,0.876579,0,1.194561,
17.850313,-0.034025,0.885538,0,1.169777,
17.860313,-0.036624,0.894397,0,1.146006,
17.870314,-0.039219,0.903154,0,1.123193,
17.880314,-0.04181,0.911813,0,1.101286,
17.890314,-0.044395,0.920373,0,1.080237,
17.900314,-0.046977,0.928835,0,1.06,
17.910315,-0.049553,0.937201,0,1.040533,
17.920315,-0.052124,0.94547,0,1.021798,
17.930315,-0.05469,0.953645,0,1.003757,
17.940315,-0.057251,0.961726,0,0.986377,
17.950315,-0.059806,0.969714,0,0.969624,
17.960316,-0.062355,0.977609,0,0.953469,
17.970316,-0.064899,0.985413,0,0.937883,
17.980316,-0.067436,0.993125,0,0.922841,
17.990316,-0.069968,1.000747,0,0.908316,
18.000317,-0.072493,1.00828,0,0.894285,
18.010317,-0.075012,1.015724,0,0.880726,
18.020317,-0.077524,1.02308,0,0.867618,
18.030317,-0.08003,1.030349,0,0.854942,
18.040318,-0.082529,1.03753,0,0.842678,
18.050318,-0.085021,1.044626,0,0.83081,
18.060318,-0.087506,1.051636,0,0.81932,
18.070318,-0.089984,1.05856,0,0.808193,
18.080318,-0.092455,1.065401,0,0.797415,
18.090319,-0.094918,1.072158,0,0.78697,
18.100319,-0.097374,1.078831,0,0.776846,
18.110319,-0.099823,1.085421,0,0.767029,
18.120319,-0.102264,1.09193,0,0.757509,
18.13032,-0.104698,1.098356,0,0.748274,
18.14032,-0.107123,1.104702,0,0.739312,
18.15032,-0.109541,1.110966,0,0.730613,
18.16032,-0.111951,1.117151,0,0.722169,
18.170321,-0.114353,1.123256,0,0.713969,
18.180321,-0.116747,1.129281,0,0.706004,
18.190321,-0.119133,1.135228,0,0.698267,
18.200321,-0.121511,1.141096,0,0.690749,
18.210321,-0.12388,1.146886,0,0.683442,
18.220322,-0.126241,1.152599,0,0.676339,
18.230322,-0.128593,1.158234,0,0.669434,
18.240322,-0.130937,1.163793,0,0.662719,
18.250322,-0.133272,1.169275,0,0.656188,
18.260323,-0.135599,1.174681,0,0.649836,
18.270323,-0.137917,1.180012,0,0.643656,
18.280323,-0.140226,1.185267,0,0.637642,
18.290323,-0.142526,1.190448,0,0.631791,
18.300323,-0.144818,1.195554,0,0.626096,
18.310324,-0.1471,1.200586,0,0.620552,
18.320324,-0.149374,1.205544,0,0.615155,
18.330324,-0.151638,1.210428,0,0.609901,
18.340324,-0.153893,1.21524,0,0.604785,
18.350325,-0.156139,1.219978,0,0.599804,
18.360325,-0.158375,1.224644,0,0.594952,
18.370325,-0.160602,1.229237,0,0.590228,
18.380325,-0.16282,1.233759,0,0.585626,
18.390326,-0.165028,1.238209,0,0.581143,
18.400326,-0.167227,1.242587,0,0.576777,
18.410326,-0.169416,1.246894,0,0.572523,
18.420326,-0.171596,1.251131,0,0.56838,
18.430326,-0.173766,1.255297,0,0.564343,
18.440327,-0.175926,1.259392,0,0.560411,
18.450327,-0.178076,1.263417,0,0.55658,
18.460327,-0.180217,1.267373,0,0.552848,
18.470327,-0.182347,1.271259,0,0.549212,
18.480328,-0.184468,1.275075,0,0.54567,
18.490328,-0.186579,1.278823,0,0.542219,
18.500328,-0.188679,1.282501,0,0.538858,
18.510328,-0.19077,1.286111,0,0.535584,
18.520329,-0.19285,1.289652,0,0.532395,
18.530329,-0.19492,1.293125,0,0.529289,
18.540329,-0.19698,1.29653,0,0.526264,
18.550329,-0.19903,1.299867,0,0.523319,
18.560329,-0.201069,1.303137,0,0.520451,
18.57033,-0.203098,1.306339,0,0.517659,
18.58033,-0.205116,1.309474,0,0.514942,
18.59033,-0.207124,1.312542,0,0.512297,
18.60033,-0.209121,1.315542,0,0.509723,
18.610331,-0.211108,1.318477,0,0.507218,
18.620331,-0.213084,1.321344,0,0.504782,
18.630331,-0.21505,1.324145,0,0.502413,
18.640331,-0.217004,1.32688,0,0.500109,
18.650331,-0.218948,1.329549,0,0.49787,
18.660332,-0.220881,1.332152,0,0.495693,
18.670332,-0.222803,1.334689,0,0.493579,
18.680332,-0.224714,1.337161,0,0.491525,
18.690332,-0.226614,1.339567,0,0.489531,
18.700333,-0.228503,1.341908,0,0.487595,
18.710333,-0.230381,1.344183,0,0.485717,
18.720333,-0.232248,1.346394,0,0.483896,
18.730333,-0.234103,1.348539,0,0.48213,
18.740334,-0.235947,1.35062,0,0.480419,
18.750334,-0.23778,1.352637,0,0.478762,
18.760334,-0.239602,1.354588,0,0.477159,
18.770334,-0.241412,1.356475,0,0.475607,
18.780334,-0.243211,1.358298,0,0.474107,
18.790335,-0.244999,1.360057,0,0.472658,
18.800335,-0.246774,1.361752,0,0.471259,
18.810335,-0.248539,1.363382,0,0.469909,
18.820335,-0.250291,1.364949,0,0.468608,
18.830336,-0.252032,1.366452,0,0.467355,
18.840336,-0.253761,1.367892,0,0.466149,
18.850336,-0.255478,1.369267,0,0.464991,
18.860336,-0.257184,1.370579,0,0.463879,
18.870337,-0.258877,1.371828,0,0.462813,
18.880337,-0.260559,1.373013,0,0.461792,
18.890337,-0.262229,1.374136,0,0.460816,
18.900337,-0.263886,1.375195,0,0.459885,
18.910337,-0.265531,1.37619,0,0.458997,
18.920338,-0.267165,1.377123,0,0.458154,
18.930338,-0.268786,1.377993,0,0.457353,
18.940338,-0.270395,1.3788,0,0.456596,
18.950338,-0.271991,1.379544,0,0.455881,
18.960339,-0.273575,1.380225,0,0.455208,
18.970339,-0.275147,1.380843,0,0.454577,
18.980339,-0.276706,1.381399,0,0.453987,
18.990339,-0.278252,1.381892,0,0.45344,
19.00034,-0.279786,1.382323,0,0.452933,
19.01034,-0.281308,1.382691,0,0.452467,
19.02034,-0.282816,1.382996,0,0.452042,
19.03034,-0.284312,1.383239,0,0.451657,
19.04034,-0.285795,1.38342,0,0.451312,
19.050341,-0.287265,1.383538,0,0.451008,
19.060341,-0.288722,1.383594,0,0.450744,
19.070341,-0.290166,1.383587,0,0.45052,
19.080341,-0.291598,1.383519,0,0.450335,
19.090342,-0.293016,1.383387,0,0.450191,
19.100342,-0.29442,1.383194,0,0.450086,
19.110342,-0.295812,1.382939,0,0.45002,
19.120342,-0.29719,1.382621,0,0.449995,
19.130342,-0.298555,1.382241,0,0.450009,
19.140343,-0.299906,1.381798,0,0.450062,
19.150343,-0.301244,1.381294,0,0.450155,
19.160343,-0.302568,1.380727,0,0.450288,
19.170343,-0.303879,1.380098,0,0.450461,
19.180344,-0.305176,1.379407,0,0.450673,
19.190344,-0.306459,1.378654,0,0.450925,
19.200344,-0.307729,1.377838,0,0.451217,
19.210344,-0.308984,1.376961,0,0.45155,
19.220345,-0.310226,1.376021,0,0.451922,
19.230345,-0.311453,1.375019,0,0.452336,
19.240345,-0.312667,1.373954,0,0.452789,
19.250345,-0.313866,1.372828,0,0.453284,
19.260345,-0.315051,1.371639,0,0.453819,
19.270346,-0.316222,1.370387,0,0.454396,
19.280346,-0.317378,1.369074,0,0.455015,
19.290346,-0.31852,1.367697,0,0.455675,
19.300346,-0.319647,1.366259,0,0.456378,
19.310347,-0.32076,1.364758,0,0.457122,
19.320347,-0.321858,1.363195,0,0.45791,
19.330347,-0.322941,1.361569,0,0.458741,
19.340347,-0.32401,1.35988,0,0.459615,
19.350348,-0.325063,1.358129,0,0.460533,
19.360348,-0.326101,1.356315,0,0.461496,
19.370348,-0.327125,1.354438,0,0.462503,
19.380348,-0.328133,1.352499,0,0.463556,
19.390348,-0.329126,1.350497,0,0.464654,
19.400349,-0.330104,1.348432,0,0.465799,
19.410349,-0.331066,1.346303,0,0.46699,
19.420349,-0.332013,1.344112,0,0.468229,
19.430349,-0.332944,1.341858,0,0.469515,
19.44035,-0.333859,1.339541,0,0.47085,
19.45035,-0.334759,1.33716,0,0.472235,
19.46035,-0.335643,1.334716,0,0.473669,
19.47035,-0.336511,1.332209,0,0.475154,
19.48035,-0.337363,1.329638,0,0.47669,
19.490351,-0.338198,1.327003,0,0.478278,
19.500351,-0.339018,1.324305,0,0.479919,
19.510351,-0.339821,1.321543,0,0.481614,
19.520351,-0.340608,1.318717,0,0.483363,
19.530352,-0.341378,1.315827,0,0.485168,
19.540352,-0.342131,1.312873,0,0.487029,
19.550352,-0.342868,1.309855,0,0.488947,
19.560352,-0.343588,1.306773,0,0.490924,
19.570353,-0.344291,1.303626,0,0.492959,
19.580353,-0.344977,1.300415,0,0.495056,
19.590353,-0.345646,1.297139,0,0.497214,
19.600353,-0.346298,1.293798,0,0.499434,
19.610353,-0.346932,1.290392,0,0.501718,
19.620354,-0.347549,1.286921,0,0.504068,
19.630354,-0.348148,1.283385,0,0.506484,
19.640354,-0.34873,1.279784,0,0.508968,
19.650354,-0.349293,1.276117,0,0.511521,
19.660355,-0.349839,1.272385,0,0.514144,
19.670355,-0.350366,1.268587,0,0.51684,
19.680355,-0.350876,1.264723,0,0.51961,
19.690355,-0.351367,1.260793,0,0.522455,
19.700356,-0.351839,1.256796,0,0.525377,
19.710356,-0.352293,1.252733,0,0.528377,
19.720356,-0.352729,1.248604,0,0.531459,
19.730356,-0.353145,1.244408,0,0.534623,
19.740356,-0.353542,1.240145,0,0.537871,
19.750357,-0.353921,1.235815,0,0.541206,
19.760357,-0.35428,1.231418,0,0.54463,
19.770357,-0.354619,1.226953,0,0.548144,
19.780357,-0.354939,1.22242,0,0.551752,
19.790358,-0.355239,1.217819,0,0.555455,
19.800358,-0.35552,1.213151,0,0.559257,
19.810358,-0.35578,1.208414,0,0.563158,
19.820358,-0.35602,1.203608,0,0.567164,
19.830359,-0.35624,1.198734,0,0.571275,
19.840359,-0.35644,1.193791,0,0.575495,
19.850359,-0.356618,1.188778,0,0.579827,
19.860359,-0.356776,1.183696,0,0.584275,
19.870359,-0.356913,1.178545,0,0.588841,
19.88036,-0.357029,1.173323,0,0.593529,
19.89036,-0.357123,1.168031,0,0.598342,
19.90036,-0.357196,1.162669,0,0.603284,
19.91036,-0.357247,1.157236,0,0.60836,
19.920361,-0.357276,1.151732,0,0.613572,
19.930361,-0.357283,1.146157,0,0.618925,
19.940361,-0.357268,1.14051,0,0.624425,
19.950361,-0.35723,1.134791,0,0.630074,
19.960361,-0.35717,1.129,0,0.635879,
19.970362,-0.357086,1.123137,0,0.641843,
19.980362,-0.35698,1.117201,0,0.647973,
19.990362,-0.35685,1.111192,0,0.654273,
20.000362,-0.356696,1.105109,0,0.66075,
20.010363,-0.356519,1.098953,0,0.667409,
